0.000000000000000000e+00 7.547500000000000320e-01
2.000000000000000042e-02 6.421900000000000386e-01
4.000000000000000083e-02 6.266100000000000003e-01
5.999999999999999778e-02 6.180700000000000083e-01
8.000000000000000167e-02 5.944500000000000339e-01
1.000000000000000056e-01 5.864099999999999868e-01
1.199999999999999956e-01 5.864099999999999868e-01
1.400000000000000133e-01 5.783700000000000507e-01
1.600000000000000033e-01 5.703300000000000036e-01
1.799999999999999933e-01 5.542500000000000204e-01
2.000000000000000111e-01 5.462099999999999733e-01
2.200000000000000011e-01 5.542500000000000204e-01
2.399999999999999911e-01 5.376600000000000268e-01
2.600000000000000089e-01 5.140500000000000069e-01
2.800000000000000266e-01 5.301299999999999901e-01
2.999999999999999889e-01 5.140500000000000069e-01
3.200000000000000067e-01 5.215800000000000436e-01
3.400000000000000244e-01 5.060099999999999598e-01
3.599999999999999867e-01 5.054999999999999494e-01
3.800000000000000044e-01 4.894200000000000217e-01
4.000000000000000222e-01 4.974600000000000133e-01
4.199999999999999845e-01 4.979600000000000137e-01
4.400000000000000022e-01 4.738399999999999834e-01
4.600000000000000200e-01 4.733399999999999830e-01
4.799999999999999822e-01 4.497200000000000086e-01
5.000000000000000000e-01 4.577600000000000002e-01
5.200000000000000178e-01 4.652999999999999914e-01
5.400000000000000355e-01 4.577600000000000002e-01
5.600000000000000533e-01 4.497200000000000086e-01
5.799999999999999600e-01 4.336400000000000254e-01
5.999999999999999778e-01 4.411800000000000166e-01
6.199999999999999956e-01 4.175599999999999867e-01
6.400000000000000133e-01 4.331400000000000250e-01
6.600000000000000311e-01 4.250999999999999779e-01
6.800000000000000488e-01 4.095199999999999951e-01
6.999999999999999556e-01 4.175599999999999867e-01
7.199999999999999734e-01 4.014800000000000035e-01
7.399999999999999911e-01 4.090199999999999947e-01
7.600000000000000089e-01 4.090199999999999947e-01
7.800000000000000266e-01 3.854000000000000203e-01
8.000000000000000444e-01 3.854000000000000203e-01
8.199999999999999512e-01 3.854000000000000203e-01
8.399999999999999689e-01 4.009800000000000031e-01
8.599999999999999867e-01 3.693199999999999816e-01
8.800000000000000044e-01 3.849000000000000199e-01
9.000000000000000222e-01 3.693199999999999816e-01
9.200000000000000400e-01 3.688199999999999812e-01
9.399999999999999467e-01 3.532399999999999984e-01
9.599999999999999645e-01 3.371600000000000152e-01
9.799999999999999822e-01 3.532399999999999984e-01
1.000000000000000000e+00 3.527399999999999980e-01
1.020000000000000018e+00 3.452000000000000068e-01
1.040000000000000036e+00 3.527399999999999980e-01
1.060000000000000053e+00 3.366600000000000148e-01
1.080000000000000071e+00 3.291200000000000236e-01
1.100000000000000089e+00 3.210799999999999765e-01
1.120000000000000107e+00 3.130399999999999849e-01
1.139999999999999902e+00 3.286200000000000232e-01
1.159999999999999920e+00 3.205799999999999761e-01
1.179999999999999938e+00 3.125399999999999845e-01
1.199999999999999956e+00 3.125399999999999845e-01
1.219999999999999973e+00 3.205799999999999761e-01
1.239999999999999991e+00 2.969600000000000017e-01
1.260000000000000009e+00 2.974600000000000022e-01
1.280000000000000027e+00 2.974600000000000022e-01
1.300000000000000044e+00 2.969600000000000017e-01
1.320000000000000062e+00 2.889200000000000101e-01
1.340000000000000080e+00 2.969600000000000017e-01
1.360000000000000098e+00 2.813800000000000190e-01
1.379999999999999893e+00 2.728400000000000269e-01
1.399999999999999911e+00 2.652999999999999803e-01
1.419999999999999929e+00 2.647999999999999798e-01
1.439999999999999947e+00 2.567599999999999882e-01
1.459999999999999964e+00 2.567599999999999882e-01
1.479999999999999982e+00 2.647999999999999798e-01
1.500000000000000000e+00 2.567599999999999882e-01
1.520000000000000018e+00 2.567599999999999882e-01
1.540000000000000036e+00 2.411800000000000055e-01
1.560000000000000053e+00 2.572599999999999887e-01
1.580000000000000071e+00 2.567599999999999882e-01
1.600000000000000089e+00 2.567599999999999882e-01
1.620000000000000107e+00 2.406800000000000050e-01
1.639999999999999902e+00 2.406800000000000050e-01
1.659999999999999920e+00 2.567599999999999882e-01
1.679999999999999938e+00 2.406800000000000050e-01
1.699999999999999956e+00 2.326400000000000134e-01
1.719999999999999973e+00 2.326400000000000134e-01
1.739999999999999991e+00 2.326400000000000134e-01
1.760000000000000009e+00 2.326400000000000134e-01
1.780000000000000027e+00 2.090200000000000113e-01
1.800000000000000044e+00 2.170600000000000029e-01
