0
      0
      0
      0
      0
      0
      0
      0
      0
      0
      0
      0
      0
      0
      0
      0
      0
      0
      0
      0
      0
      0
      0
      0
      0
      0
      0
      0
      0
      0
      1
      0
      0
      0
      0
      0
      0
      6
      2
     63
     78
     76
    105
     80
     79
    103
     87
     77
     57
     66
     67
     59
     68
     47
     36
     42
     42
     57
     85
    123
    181
    274
    355
    398
    384
    452
    302
    238
    139
     92
     46
     25
     15
      8
      8
     10
      9
      8
      9
      6
      9
      7
      9
      2
      5
      4
      7
     10
      9
      7
      4
      4
      2
      5
      7
      4
      5
      4
     11
      5
      3
      3
      7
      4
      8
      5
      5
      4
     12
      8
      6
     11
      8
      7
      9
      6
      6
      3
      7
      9
      3
      6
     10
      3
     10
      9
      7
      4
      7
      8
      9
      2
     10
     11
      4
      6
      9
      7
      5
      9
      7
      5
      3
      5
      7
      9
      8
      9
      4
     11
      8
      9
      4
      8
      6
      5
      9
      5
      4
     10
      5
      7
      8
      4
      8
      9
      9
     10
      3
      8
     13
      8
     12
     12
     14
      9
      6
      7
      6
      6
     20
     11
      8
     13
      7
     13
      7
      7
     12
     11
      8
      3
     11
      5
      9
      5
     12
     10
      9
      4
     13
      8
      6
     11
      6
      5
     11
      9
     10
      7
      4
      7
     10
      9
      7
     10
      8
     13
     15
      9
     14
     13
      8
      6
     13
     12
      5
      6
      9
      6
     12
      9
     14
     10
      5
      9
      7
      9
      6
      7
     10
      6
      7
      9
      9
      7
      6
      6
     11
     10
      5
     10
      3
      7
      9
      8
     10
      9
      9
      3
     12
      6
     10
      5
     13
      6
     10
      4
      7
      4
     10
      5
      7
      6
      7
      7
      9
     11
     12
      6
      8
     13
      9
     10
      6
     11
     14
     10
     10
     10
      8
      7
      6
      7
      8
      6
      6
      9
      8
      5
      8
      5
      9
      7
      8
     11
      8
      7
      9
      6
      6
     12
      4
      6
     11
      7
     11
      9
      4
      5
      9
      6
     11
      5
     13
      5
      4
     10
      9
     10
      4
      5
     10
      7
      5
      8
      3
      6
      5
      3
      9
      7
      8
      7
      7
      9
      5
      5
     10
      9
      3
      8
      7
      5
      6
      6
      7
      1
     13
      4
     12
      8
      7
      5
      2
      6
      7
      7
      8
      3
      3
      5
     12
      8
      9
      6
      3
      2
      6
      8
      5
      9
      5
      5
      6
      9
     12
      6
      9
      8
     10
      4
      6
      7
      7
      6
      8
      4
     13
      5
     14
      2
      9
      5
      8
      7
      9
      6
      7
      6
      8
      6
      6
      4
      9
      5
     11
      4
      3
      6
      4
      7
      5
      9
     11
     10
      7
      5
      7
      6
      5
      6
      3
      7
      3
     12
      6
      9
     12
      7
      5
      4
      7
      5
      4
      8
      7
     10
      5
     10
      5
      9
      7
      6
     11
      3
      8
      6
      5
      9
      4
      4
      6
      9
      8
      1
      0
      0
      0
      0
      0
      0
      0
      0
      0
      0
      0
      0
      0
      0
      0
      0
      0
      0
      0
      0
      0
      0
      0
      0
      0
      0
      0
      0
      0
      0
      0
      0
      0
      0
      0
      0
      0
      0
      0
      0
      0
      0
      0
      0
      0
      0
