3.090000000000000000e+02 4.594643000305319580e-01
6.140000000000000000e+02 3.086409646510459015e-01
8.610000000000000000e+02 2.096510123848093488e-01
1.027000000000000000e+03 1.642850283830402935e-01
1.108000000000000000e+03 1.454563454844678139e-01
1.940000000000000000e+03 8.989985984515558304e-02
2.159000000000000000e+03 8.132494021704769760e-02
2.399000000000000000e+03 7.720474619586902010e-02
2.702000000000000000e+03 6.249490632766632053e-02
2.766000000000000000e+03 6.112741903754836947e-02
3.501000000000000000e+03 4.978265112138977044e-02
