#Counts
      0
      0
      0
     52
    163
     36
     35
     36
     34
     38
     35
     43
     36
     34
     35
     27
     24
     27
     35
     33
     31
     26
     48
     31
     28
     39
     32
     39
     34
     25
     33
     24
     21
     34
     31
     36
     25
     43
     24
     24
     22
     29
     23
     24
     39
     29
     24
     24
     28
     19
     26
     31
     29
     28
     15
     31
     21
     24
     24
     22
     28
     25
     25
     18
     20
     19
     23
     24
     23
     21
     14
     17
     22
     12
     14
     24
     20
     14
     12
     18
     16
     17
     29
     16
     20
     22
     19
     11
     26
     16
     22
     16
     22
     14
     15
     15
     12
     19
     14
     12
     12
     16
     17
     21
     16
     15
     17
     13
     10
     18
     19
     11
     15
     14
     13
     15
     18
     10
     13
      7
     12
     11
     12
     10
      5
     10
      8
     14
     12
     11
     10
     15
      7
      8
     15
     16
     10
     15
      9
     13
     10
      8
      7
      9
      6
      5
      8
      9
      8
     10
      9
      6
      4
      8
      8
      6
      6
      8
      4
     18
      5
     13
     10
      5
      4
      3
      6
      8
     12
      7
      8
      7
      5
      6
      7
      7
      7
      8
      2
      7
      5
      3
     13
      9
      8
      8
      2
      6
      5
      4
      7
      7
      4
      7
      7
      9
      8
      4
      4
      4
      8
      2
      5
      7
      4
      7
      5
      9
      5
      7
      7
      6
      7
      4
      3
      7
      1
      3
      4
      3
      8
      6
      3
      1
      8
      8
      7
      1
      7
      5
      2
      9
      7
      6
      1
      2
      6
      5
      2
      4
      3
      2
      4
      6
      7
      2
      4
      2
      3
      2
      1
      3
      2
      4
      4
      3
      3
      8
      1
      4
      3
      1
      3
      3
      4
      1
      4
      3
      7
      3
      3
      5
      2
      1
      1
      2
      3
      3
      4
      1
      0
      2
      3
      4
      1
      0
      3
      0
      3
      3
      0
      4
      4
      5
      2
      3
      3
      3
      0
      4
      4
      3
      3
      2
      1
      2
      3
      2
      3
      2
      2
      4
      1
      1
      1
      2
      5
      0
      0
      2
      0
      1
      1
      1
      6
      1
      2
      2
      2
      2
      2
      2
      1
      0
      4
      1
      1
      2
      1
      2
      0
      6
      2
      1
      0
      3
      2
      0
      1
      2
      2
      1
      1
      2
      1
      3
      4
      0
      3
      2
      3
      0
      1
      0
      2
      0
      3
      1
      1
      2
      0
      0
      2
      2
      2
      2
      2
      2
      2
      0
      3
      1
      0
      1
      1
      2
      2
      0
      3
      1
      0
      2
      0
      1
      4
      2
      0
      2
      0
      2
      0
      2
      1
      1
      0
      0
      0
      1
      0
      0
      1
      1
      0
      1
      1
      0
      1
      2
      0
      1
      0
      1
      0
      0
      0
      0
      2
      0
      1
      0
      2
      1
      1
      1
      0
      2
      2
      1
      1
      3
      2
      1
      1
      0
      0
      1
      3
      0
      1
      3
      3
      2
      1
      0
      0
      0
      3
      2
      0
      0
      1
      0
      2
      1
      0
      1
      0
      1
      0
      2
      0
      0
      0
      0
      0
      1
      1
      0
      0
      2
      1
      0
      0
      2
      0
      0
      0
      0
      1
      0
      0
      1
      0
      1
      3
      0
      3
      1
      0
      0
      0
      0
      0
      0
      0
      0
      0
      0
      0
      0
      0
      0
