0.000000000000000000e+00 0.000000000000000000e+00
3.980400000000000091e+03 5.316013544000805169e+00
1.994200000000000045e+03 2.267156809750926705e+00
1.328779999999999927e+04 1.767597239192231484e+01
9.956799999999999272e+03 1.803441155125389628e+01
7.979000000000000000e+03 5.495452665613634657e+00
6.665800000000000182e+03 8.834025130143110971e+00
5.699199999999999818e+03 2.987540794700550961e+01
5.020399999999999636e+03 7.966178506661773184e+00
4.466399999999999636e+03 5.221110992882644908e+00
4.019599999999999909e+03 4.237924020083418064e+00
