6.000000000000000000e+00 5.070000000000000201e-02 2.074500000000000000e+04 3.000000000000000000e+00
1.200000000000000000e+01 1.010000000000000064e-01 2.074800000000000000e+04 6.000000000000000000e+00
1.800000000000000000e+01 1.519999999999999962e-01 2.075100000000000000e+04 9.000000000000000000e+00
2.400000000000000000e+01 2.030000000000000138e-01 2.075420000000000073e+04 1.220000000000072760e+01
3.000000000000000000e+01 2.530000000000000027e-01 2.075700000000000000e+04 1.500000000000000000e+01
3.600000000000000000e+01 3.029999999999999916e-01 2.076000000000000000e+04 1.800000000000000000e+01
4.200000000000000000e+01 3.539999999999999813e-01 2.076359999999999854e+04 2.159999999999854481e+01
4.800000000000000000e+01 4.020000000000000240e-01 2.076640000000000146e+04 2.440000000000145519e+01
5.400000000000000000e+01 4.520000000000000129e-01 2.076920000000000073e+04 2.720000000000072760e+01
6.000000000000000000e+01 5.020000000000000018e-01 2.077200000000000000e+04 3.000000000000000000e+01
