0.000000000000000000e+00 0.000000000000000000e+00
5.074866847553009819e-02 2.602134625553683810e-04
1.012937518804533088e-01 5.145083167058275798e-04
1.520191453814777605e-01 7.792674222227910638e-04
2.028764261610156439e-01 1.069452936994179978e-03
2.531645569620253333e-01 1.265363546256944444e-03
3.030393951213657955e-01 1.553024653891053788e-03
3.544357102751263811e-01 2.555538887881086355e-03
4.023583778185005899e-01 2.091695309900014690e-03
4.522658069138457138e-01 2.300517694000915516e-03
5.025375659269579742e-01 2.543608723954135075e-03
