6  3980.4  5.316  3.9804    5.3e-03 5.1e-02  2.6e-04
12 1994.2  2.267  1.9942    2.3e-03 1.01e-01 5.1e-04
18 13287.8 17.676 1.3288    1.8e-03 1.52e-01 7.8e-04
24 9956.8  18.034 0.9957    1.8e-03 2.03e-01 1.07e-03
30 7979.0  5.495  0.7979    5.e-04  2.53e-01 1.27e-03
36 6665.8  8.834  6.666e-01 9.e-04  3.03e-01 1.55e-03
42 5699.2  2.988  5.699e-01 2.9e-03 3.54e-01 2.56e-03
48 5020.4  7.966  5.020e-01 8.e-04  4.02e-01 2.09e-03
54 4466.4  5.221  4.466e-01 5.e-04  4.52e-01 2.30e-03
60 4019.6  4.238  4.019e-01 4.e-04  5.03e-01 2.54e-03
