0.000000000000000000e+00 0.000000000000000000e+00 0.000000000000000000e+00 0.000000000000000000e+00 0.000000000000000000e+00 0.000000000000000000e+00
3.980400000000000091e+03 5.316013544000805169e+00 3.980400000000000382e+00 5.316162559442289513e-03 5.074866847553009819e-02 2.602134625553683810e-04
1.994200000000000045e+03 2.267156809750926705e+00 1.994200000000000195e+00 2.267244513360656358e-03 1.012937518804533088e-01 5.145083167058275798e-04
1.328779999999999927e+04 1.767597239192231484e+01 1.328779999999999850e+00 1.767647183582979125e-03 1.520191453814777605e-01 7.792674222227910638e-04
9.956799999999999272e+03 1.803441155125389628e+01 9.956799999999997874e-01 1.803468640666157840e-03 2.028764261610156439e-01 1.069452936994179978e-03
7.979000000000000000e+03 5.495452665613634657e+00 7.978999999999999426e-01 5.496031881648794732e-04 2.531645569620253333e-01 1.265363546256944444e-03
6.665800000000000182e+03 8.834025130143110971e+00 6.665799999999999503e-01 8.834276613790400731e-04 3.030393951213657955e-01 1.553024653891053788e-03
5.699199999999999818e+03 2.987540794700550961e+01 5.699199999999999822e-01 2.987546230752026206e-03 3.544357102751263811e-01 2.555538887881086355e-03
5.020399999999999636e+03 7.966178506661773184e+00 5.020399999999999308e-01 7.966336701496867616e-04 4.023583778185005899e-01 2.091695309900014690e-03
4.466399999999999636e+03 5.221110992882644908e+00 4.466399999999999260e-01 5.221302028507447636e-04 4.522658069138457138e-01 2.300517694000915516e-03
4.019599999999999909e+03 4.237924020083418064e+00 4.019599999999999285e-01 4.238114641962389679e-04 5.025375659269579742e-01 2.543608723954135075e-03
