$SPEC_ID:
No sample description was entered.
$SPEC_REM:
DET# 1
DETDESC# PRAK01 Easy-MCA-2k SN 15071856
AP# Maestro Version 7.01
$DATE_MEA:
01/22/2002 01:08:44
$MEAS_TIM:
1503 1503
$DATA:
0 511
       0
       0
       0
       0
       0
       0
       0
       0
       0
       0
       0
       0
       0
       0
       0
       0
       0
       0
       0
       0
       0
       0
       0
       0
       0
       0
       0
       0
       0
       0
       0
       0
       0
       0
       0
       0
       9
      58
      72
     365
     557
     521
     476
     434
     397
     369
     359
     320
     299
     329
     351
     389
     467
     672
     881
    1189
    1421
    1628
    1551
    1415
    1069
     787
     559
     306
     237
     187
     163
     158
     145
     145
     140
     146
     133
     139
     133
     131
     118
     124
     134
     116
      90
     114
     118
      89
     122
     118
     104
     107
     125
     112
     107
     107
     115
     105
      90
      92
      73
      95
     107
     104
      96
     100
      93
     113
      99
     130
     126
     129
     142
     136
     131
     131
     135
     115
     117
      95
     109
     109
     109
      89
      84
      93
      92
      88
      93
     101
     127
     122
     113
      82
     113
     120
     116
     101
     112
      97
      97
     103
     104
     117
     109
     113
     106
     107
     109
      95
     100
      98
     124
     109
     115
     112
     113
     119
      99
     111
     125
     112
     122
     123
     117
     127
      88
     120
     108
     112
     107
     112
     120
      99
      98
     127
     110
     115
     115
     108
     129
     138
     103
     139
     125
     138
     118
     115
     116
     122
     116
     111
     116
     101
     115
     126
     133
     110
     112
     114
     110
     103
      92
      96
      97
      95
     111
     104
     107
     103
      96
     100
     112
      89
     111
      91
     118
      90
     105
     100
      86
     103
      89
      90
     104
      73
     116
      97
     102
     105
      92
     108
      87
     123
      93
     103
     106
      94
     101
      87
      83
      89
      91
     101
      76
      91
      83
      81
      86
      73
      82
      81
      97
      81
      55
      56
      81
      78
      76
      68
      63
      79
      70
      84
      69
      78
      81
      75
      62
      77
      79
      62
      83
      74
      80
      73
      58
      85
      66
      66
      61
      81
      65
      66
      69
      67
      80
      62
      54
      67
      75
      58
      66
      79
      81
      73
      65
      68
      60
      63
      59
      57
      77
      65
      74
      60
      62
      63
      62
      54
      60
      69
      64
      58
      63
      71
      60
      48
      64
      49
      57
      57
      51
      69
      51
      53
      71
      59
      64
      54
      51
      55
      56
      63
      63
      68
      65
      68
      46
      72
      37
      58
      39
      52
      55
      53
      63
      65
      62
      60
      54
      55
      57
      55
      49
      50
      55
      65
      54
      53
      50
      52
      57
      52
      47
      51
      40
      35
      36
      61
      48
      40
      37
      58
      44
      60
      31
      54
      41
      52
      59
      35
      50
      47
      39
      41
      35
      42
      42
      50
      40
      43
      44
      56
      42
      43
      49
      42
      34
      41
      42
      50
      50
      42
      41
      44
      40
      51
      39
      27
      46
      54
      45
      46
      39
      35
      36
      40
      47
      46
      36
      44
      39
      53
      43
      51
      44
      46
      42
      46
      34
      43
      39
      41
      39
      44
      44
      41
      34
      43
      34
      44
      37
      49
      37
      35
      35
      35
      37
      43
      33
      37
      27
      30
      31
      41
      34
      35
      30
      31
      41
      39
      31
      33
      37
      33
      30
      25
      18
       2
       0
       0
       0
       0
       0
       0
       0
       0
       0
       0
       0
       0
       0
       0
       0
       0
       0
       0
       0
       0
       0
       0
       0
       0
       0
       0
       0
       0
       0
       0
       0
       0
       0
       0
       0
       0
       0
       0
       0
       0
       0
       0
       0
       0
       0
       0
$ROI:
1
168 181
$PRESETS:
None
0
0
$ENER_FIT:
0.000000 3.991138
$MCA_CAL:
3
0.000000E+000 3.991138E+000 0.000000E+000 keV
$SHAPE_CAL:
3
1.151547E+001 0.000000E+000 0.000000E+000
