$SPEC_ID:
No sample description was entered.
$SPEC_REM:
DET# 1
DETDESC# PRAK01 Easy-MCA-2k SN 15071856
AP# Maestro Version 7.01
$DATE_MEA:
01/22/2002 02:54:43
$MEAS_TIM:
1193 1193
$DATA:
0 511
       0
       0
       0
       0
       0
       0
       0
       0
       0
       0
       0
       0
       0
       0
       0
       0
       0
       0
       0
       0
       0
       0
       0
       0
       0
       0
       0
       0
       0
       0
       0
       0
       0
       0
       0
       0
      16
      53
      63
     393
     506
     473
     436
     396
     363
     367
     299
     274
     272
     298
     320
     390
     573
     743
    1058
    1396
    1706
    1756
    1613
    1226
     928
     648
     409
     271
     181
     155
     155
     127
     140
     122
     108
     103
     127
     111
     130
     126
     123
      93
     111
     102
      81
      92
      88
     103
     102
      81
      82
      98
      88
      91
      85
      92
      88
      77
      94
      87
      78
     101
      89
      99
      73
      81
      85
      92
      86
     113
     107
     101
     105
     107
      94
     103
     105
      84
      95
      89
      78
      77
      94
      91
      79
      71
      82
      83
      79
      92
      69
      89
      86
      87
      96
      97
      87
      88
      95
      75
     103
     105
      73
      89
      97
     100
     110
      86
      80
      83
      88
      97
      98
      92
     102
     107
      94
      83
     102
     105
      90
      80
      97
     117
      87
      93
      89
     130
      95
     102
     106
     122
      84
      94
      96
      99
     100
      96
      80
      81
     118
     105
      98
      88
      94
     108
      93
      89
      99
     102
     103
     109
      95
      97
     102
      92
     113
      86
     101
      94
      94
      90
      98
      95
      93
      90
      88
      90
      89
     100
      96
      99
      91
     103
      94
      89
      65
      90
      96
     100
      78
      96
      80
      74
      95
     100
      87
      70
      85
      87
      81
      99
      78
      74
      82
      91
      77
      86
      65
      71
      73
      75
      83
      77
      70
      66
      81
      74
      65
      70
      62
      61
      80
      88
      71
      68
      78
      72
      68
      68
      67
      58
      72
      79
      73
      62
      48
      53
      68
      74
      65
      65
      65
      68
      70
      64
      52
      72
      65
      50
      51
      61
      61
      58
      65
      70
      64
      64
      65
      59
      67
      64
      65
      66
      51
      64
      58
      60
      46
      63
      70
      63
      58
      51
      49
      63
      50
      51
      51
      56
      43
      47
      49
      56
      48
      61
      69
      44
      54
      58
      54
      65
      52
      57
      41
      48
      61
      56
      48
      48
      48
      55
      46
      63
      56
      52
      53
      47
      38
      55
      39
      50
      39
      52
      52
      45
      43
      54
      44
      44
      40
      45
      65
      58
      46
      60
      49
      46
      42
      40
      32
      44
      50
      46
      51
      42
      48
      60
      42
      63
      47
      41
      42
      45
      41
      48
      39
      45
      50
      40
      43
      46
      35
      43
      42
      56
      35
      50
      37
      31
      39
      37
      50
      47
      42
      48
      39
      35
      42
      41
      45
      33
      42
      40
      30
      40
      47
      36
      41
      42
      38
      33
      51
      36
      53
      38
      42
      38
      42
      38
      44
      38
      35
      33
      27
      32
      41
      41
      32
      32
      45
      47
      35
      41
      28
      26
      33
      45
      44
      38
      34
      24
      37
      30
      38
      41
      28
      38
      34
      42
      41
      27
      45
      35
      26
      31
      29
      27
      35
      25
      29
      26
      32
      27
      19
      24
      29
      29
      13
       1
       0
       0
       0
       0
       0
       0
       0
       0
       0
       0
       0
       0
       0
       0
       0
       0
       0
       0
       0
       0
       0
       0
       0
       0
       0
       0
       0
       0
       0
       0
       0
       0
       0
       0
       0
       0
       0
       0
       0
       0
       0
       0
       0
       0
       0
       0
$ROI:
1
168 181
$PRESETS:
None
0
0
$ENER_FIT:
0.000000 3.991138
$MCA_CAL:
3
0.000000E+000 3.991138E+000 0.000000E+000 keV
$SHAPE_CAL:
3
1.151547E+001 0.000000E+000 0.000000E+000
