$SPEC_ID:
No sample description was entered.
$SPEC_REM:
DET# 1
DETDESC# PRAK01 Easy-MCA-2k SN 15071856
AP# Maestro Version 7.01
$DATE_MEA:
01/22/2002 00:54:00
$MEAS_TIM:
822 822
$DATA:
0 511
       0
       0
       0
       0
       0
       0
       0
       0
       0
       0
       0
       0
       0
       0
       0
       0
       0
       0
       0
       0
       0
       0
       0
       0
       0
       0
       0
       0
       0
       0
       0
       0
       0
       0
       0
       0
       7
      36
      54
     334
     452
     420
     389
     371
     304
     278
     237
     274
     275
     251
     227
     283
     380
     543
     733
    1070
    1356
    1642
    1669
    1488
    1273
     918
     565
     327
     197
     131
     113
     115
      70
      87
      69
      79
      86
      93
      69
      66
      76
      89
      74
      69
      69
      70
      82
      62
      79
      76
      55
      82
      76
      71
      69
      74
      47
      71
      60
      68
      67
      57
      54
      43
      58
      65
      74
      65
      65
      84
      70
      79
      85
      80
      67
      73
      82
      56
      70
      76
      67
      65
      69
      64
      59
      63
      64
      71
      59
      66
      68
      66
      50
      49
      52
      72
      54
      79
      57
      64
      76
      65
      65
      56
      70
      62
      68
      79
      57
      71
      76
      76
      60
      76
      66
      79
      83
      76
      74
      57
      58
      66
      79
      70
      75
      64
      75
      69
      58
      65
      73
      57
      65
      70
      75
      67
      69
      75
      69
      74
      77
      68
      64
      65
      67
      75
      74
      66
      63
      83
      78
      84
      69
      71
      85
      89
      73
      62
      78
      63
      91
      68
      72
      73
      56
      76
      64
      74
      61
      74
      65
      66
      68
      51
      57
      67
      64
      73
      66
      58
      50
      61
      78
      62
      62
      65
      78
      67
      59
      68
      60
      66
      63
      62
      64
      63
      77
      57
      75
      63
      54
      63
      53
      65
      54
      51
      59
      52
      61
      60
      57
      60
      81
      55
      59
      57
      59
      50
      44
      49
      46
      64
      54
      56
      56
      47
      53
      50
      53
      53
      53
      58
      51
      41
      45
      60
      57
      62
      63
      64
      44
      47
      61
      51
      40
      52
      45
      51
      56
      42
      47
      48
      52
      43
      36
      46
      51
      51
      48
      49
      43
      46
      48
      43
      49
      47
      35
      43
      37
      59
      47
      53
      42
      51
      35
      45
      47
      45
      44
      44
      30
      35
      35
      42
      34
      43
      46
      43
      47
      54
      39
      54
      37
      49
      45
      34
      50
      34
      50
      48
      39
      54
      41
      61
      41
      44
      42
      38
      37
      46
      40
      42
      37
      54
      41
      51
      41
      30
      39
      45
      42
      28
      46
      35
      44
      38
      39
      38
      30
      40
      40
      33
      56
      38
      32
      39
      32
      29
      35
      38
      45
      36
      47
      35
      34
      32
      27
      43
      35
      41
      43
      34
      31
      25
      36
      26
      35
      38
      41
      34
      43
      32
      28
      34
      37
      46
      39
      30
      37
      34
      31
      35
      38
      30
      35
      34
      37
      30
      36
      46
      29
      39
      36
      24
      42
      39
      33
      32
      32
      28
      40
      36
      34
      46
      32
      34
      28
      27
      34
      30
      22
      29
      36
      31
      28
      37
      42
      30
      30
      26
      31
      32
      39
      32
      33
      32
      40
      24
      24
      29
      29
      27
      36
      34
      19
      17
      21
      18
      29
       2
       0
       0
       0
       0
       0
       0
       0
       0
       0
       0
       0
       0
       0
       0
       0
       0
       0
       0
       0
       0
       0
       0
       0
       0
       0
       0
       0
       0
       0
       0
       0
       0
       0
       0
       0
       0
       0
       0
       0
       0
       0
       0
       0
       0
       0
       0
$ROI:
1
168 181
$PRESETS:
None
0
0
$ENER_FIT:
0.000000 3.991138
$MCA_CAL:
3
0.000000E+000 3.991138E+000 0.000000E+000 keV
$SHAPE_CAL:
3
1.151547E+001 0.000000E+000 0.000000E+000
