$SPEC_ID:
No sample description was entered.
$SPEC_REM:
DET# 1
DETDESC# PRAK01 Easy-MCA-2k SN 15071856
AP# Maestro Version 7.01
$DATE_MEA:
01/22/2002 02:31:40
$MEAS_TIM:
1345 1345
$DATA:
0 511
       0
       0
       0
       0
       0
       0
       0
       0
       0
       0
       0
       0
       0
       0
       0
       0
       0
       0
       0
       0
       0
       0
       0
       0
       0
       0
       0
       0
       0
       0
       0
       0
       0
       0
       0
       0
      13
      42
      63
     359
     519
     494
     457
     436
     391
     340
     358
     319
     282
     301
     351
     369
     528
     728
     975
    1288
    1560
    1734
    1664
    1354
    1007
     690
     462
     277
     204
     167
     160
     137
     141
     120
     111
     141
     125
     107
     120
     123
     123
     108
     110
     121
     121
     112
     115
     104
     110
     108
      95
      86
      88
     118
      97
      87
      85
      90
      83
      86
      98
      88
      80
      74
      93
      89
      89
     110
     118
     128
     123
     123
     131
     117
     100
     102
     112
     123
     103
      90
      99
     100
      92
     102
      77
      77
      93
      86
      88
      89
      86
      92
      91
     101
      91
     103
      96
      90
      87
      94
      81
     113
      96
     108
     101
      81
      97
     102
      90
      96
      92
     120
      92
      95
     104
     126
     106
     106
     106
     104
      87
     110
      95
     110
     116
     107
     118
     111
      89
      97
     108
     106
     113
     108
      99
     109
     118
      74
     106
     114
     102
      98
     105
     103
      89
     109
     103
     108
     105
     116
      91
     111
     107
      87
     113
     126
      96
     104
     102
     115
     108
     104
     100
      84
      93
     102
      96
      95
      85
     108
     104
      89
      89
     104
      98
     105
     106
      86
      76
      93
     103
      85
      92
      97
      88
      93
      84
      87
      95
      69
      94
      93
      96
      86
      72
      71
      92
      86
      87
      81
      79
      85
      75
      69
      88
      80
      89
      81
      98
      82
      85
      85
      74
      90
      83
      78
      66
      82
      76
      63
      71
      76
      69
      90
      68
      72
      80
      50
      63
      59
      64
      62
      76
      85
      69
      64
      57
      63
      65
      61
      64
      69
      78
      66
      70
      55
      51
      71
      47
      57
      54
      66
      67
      59
      57
      64
      68
      55
      53
      50
      62
      54
      62
      44
      61
      57
      50
      52
      56
      63
      57
      66
      65
      46
      57
      53
      62
      52
      49
      53
      59
      48
      58
      51
      44
      66
      48
      67
      54
      55
      39
      63
      40
      55
      65
      49
      48
      49
      52
      54
      58
      48
      62
      41
      54
      53
      52
      65
      62
      53
      49
      37
      44
      50
      44
      55
      49
      39
      50
      52
      35
      50
      58
      42
      54
      55
      34
      25
      38
      52
      46
      41
      34
      47
      39
      56
      52
      43
      46
      39
      43
      39
      39
      39
      39
      44
      44
      47
      45
      40
      29
      51
      45
      33
      55
      42
      40
      40
      38
      42
      45
      51
      31
      43
      38
      43
      47
      34
      38
      42
      49
      59
      35
      31
      35
      39
      37
      42
      46
      37
      34
      37
      45
      52
      48
      50
      39
      39
      47
      38
      50
      29
      40
      30
      47
      44
      43
      32
      26
      42
      35
      39
      39
      43
      37
      33
      38
      28
      39
      37
      27
      40
      32
      37
      36
      42
      39
      29
      34
      38
      37
      29
      30
      28
      30
      37
      36
      18
      19
       1
       0
       0
       0
       0
       0
       0
       0
       0
       0
       0
       0
       0
       0
       0
       0
       0
       0
       0
       0
       0
       0
       0
       0
       0
       0
       0
       0
       0
       0
       0
       0
       0
       0
       0
       0
       0
       0
       0
       0
       0
       0
       0
       0
       0
       0
       0
$ROI:
1
168 181
$PRESETS:
None
0
0
$ENER_FIT:
0.000000 3.991138
$MCA_CAL:
3
0.000000E+000 3.991138E+000 0.000000E+000 keV
$SHAPE_CAL:
3
1.151547E+001 0.000000E+000 0.000000E+000
