$SPEC_ID:
No sample description was entered.
$SPEC_REM:
DET# 1
DETDESC# PRAK01 Easy-MCA-2k SN 15071856
AP# Maestro Version 7.01
$DATE_MEA:
01/22/2002 03:19:16
$MEAS_TIM:
1407 1407
$DATA:
0 511
       0
       0
       0
       0
       0
       0
       0
       0
       0
       0
       0
       0
       0
       0
       0
       0
       0
       0
       0
       0
       0
       0
       0
       0
       0
       0
       0
       0
       0
       0
       0
       0
       0
       0
       0
       0
      10
      60
      65
     410
     512
     453
     463
     414
     423
     361
     333
     320
     261
     325
     343
     445
     591
     793
    1050
    1371
    1580
    1645
    1406
    1104
     828
     480
     334
     215
     190
     169
     141
     129
     133
     129
     140
     124
     142
     130
     123
     140
     115
     113
     113
     124
     115
     105
      97
     116
     106
     105
      77
     101
     112
     109
      78
     103
      96
      92
      98
      93
     102
      88
      90
     103
      96
      95
      99
     110
     116
     129
     102
     122
     119
     101
     119
      98
      86
     111
     107
      81
     108
     114
      99
      93
      94
      99
      92
      90
      83
     100
      86
     106
     117
     112
     101
     113
      86
     102
      91
     104
     107
      95
      94
     129
     100
     116
     104
     102
     124
     115
      92
     118
      75
     111
      89
     110
     114
     121
     134
     109
     102
     108
     103
     121
     117
     103
     110
     143
      91
     126
     112
      95
      86
     100
     109
     104
     120
     106
     110
     122
     101
     110
     116
     105
     101
     101
     116
     111
     100
     115
      99
     100
      99
     120
     115
     111
     107
      99
     106
     102
     103
     103
     107
     100
      95
      97
     101
      96
      94
     106
     106
      89
     106
     110
      88
      79
      84
      76
     106
      98
      71
     110
      94
      87
      74
      92
      90
      95
      91
     100
      91
     102
      85
      97
      71
      92
      77
     108
      84
      97
      81
      78
      81
     107
      84
      69
      66
      86
      70
      70
      67
      84
      69
      84
      71
      80
      74
      72
      98
      66
      68
      80
      68
      71
      88
      68
      75
      67
      69
      61
      52
      74
      65
      68
      59
      65
      67
      58
      47
      71
      80
      57
      65
      56
      62
      61
      59
      64
      59
      80
      68
      59
      59
      71
      69
      66
      64
      52
      74
      59
      55
      60
      64
      55
      48
      56
      59
      64
      58
      62
      50
      54
      61
      63
      62
      49
      60
      48
      62
      58
      60
      65
      55
      54
      53
      73
      58
      43
      54
      59
      49
      47
      59
      50
      46
      55
      54
      41
      59
      51
      58
      48
      57
      51
      53
      55
      59
      47
      44
      52
      59
      60
      46
      56
      31
      42
      41
      55
      54
      59
      49
      61
      45
      58
      50
      47
      44
      42
      38
      55
      50
      41
      53
      56
      54
      31
      48
      40
      42
      48
      30
      51
      40
      41
      45
      42
      54
      57
      35
      53
      44
      36
      37
      37
      34
      44
      37
      41
      50
      41
      37
      56
      50
      42
      36
      44
      41
      55
      38
      36
      35
      49
      48
      41
      32
      42
      43
      49
      42
      49
      56
      48
      40
      37
      36
      36
      43
      40
      39
      34
      32
      34
      42
      47
      36
      31
      40
      38
      31
      34
      44
      35
      36
      32
      43
      35
      28
      30
      38
      32
      42
      32
      46
      30
      26
      35
      37
      25
      39
      27
      45
      23
      39
      37
      22
      26
      36
      30
      27
       2
       0
       0
       0
       0
       0
       0
       0
       0
       0
       0
       0
       0
       0
       0
       0
       0
       0
       0
       0
       0
       0
       0
       0
       0
       0
       0
       0
       0
       0
       0
       0
       0
       0
       0
       0
       0
       0
       0
       0
       0
       0
       0
       0
       0
       0
       0
$ROI:
1
168 181
$PRESETS:
None
0
0
$ENER_FIT:
0.000000 3.991138
$MCA_CAL:
3
0.000000E+000 3.991138E+000 0.000000E+000 keV
$SHAPE_CAL:
3
1.151547E+001 0.000000E+000 0.000000E+000
