$SPEC_ID:
No sample description was entered.
$SPEC_REM:
DET# 1
DETDESC# PRAK01 Easy-MCA-2k SN 15071856
AP# Maestro Version 7.01
$DATE_MEA:
01/22/2002 02:25:21
$MEAS_TIM:
341 342
$DATA:
0 511
       0
       0
       0
       0
       0
       0
       0
       0
       0
       0
       0
       0
       0
       0
       0
       0
       0
       0
       0
       0
       0
       0
       0
       0
       0
       0
       0
       0
       0
       0
       0
       0
       0
       0
       0
       0
       8
      41
      34
     253
     389
     396
     339
     316
     273
     259
     204
     228
     189
     175
     224
     265
     387
     564
     874
    1308
    1545
    1801
    1791
    1572
    1127
     753
     458
     236
     138
      86
      55
      52
      54
      40
      51
      63
      52
      27
      56
      44
      50
      52
      41
      47
      33
      56
      40
      50
      43
      46
      38
      42
      50
      34
      36
      36
      41
      45
      40
      39
      40
      35
      42
      38
      38
      49
      51
      37
      49
      44
      48
      55
      57
      42
      33
      45
      58
      29
      40
      45
      30
      40
      29
      41
      46
      42
      45
      43
      39
      36
      45
      34
      43
      46
      48
      40
      56
      44
      58
      56
      44
      54
      49
      44
      55
      50
      38
      46
      52
      48
      44
      34
      58
      41
      47
      33
      55
      54
      40
      51
      42
      54
      59
      41
      50
      37
      44
      37
      59
      39
      40
      57
      51
      47
      47
      49
      52
      45
      60
      47
      38
      63
      47
      42
      63
      42
      42
      50
      58
      57
      46
      48
      55
      49
      49
      50
      52
      52
      50
      50
      60
      38
      49
      44
      60
      47
      55
      55
      43
      39
      43
      60
      51
      49
      48
      44
      47
      35
      47
      49
      44
      49
      35
      44
      44
      47
      36
      50
      41
      53
      37
      31
      44
      41
      44
      46
      37
      36
      49
      37
      35
      41
      33
      42
      38
      49
      48
      36
      47
      46
      45
      46
      34
      45
      43
      41
      43
      33
      32
      56
      35
      50
      47
      48
      35
      36
      39
      46
      35
      38
      44
      30
      46
      37
      38
      37
      35
      34
      42
      40
      27
      22
      37
      40
      47
      33
      33
      44
      28
      40
      33
      31
      38
      37
      35
      47
      45
      35
      38
      32
      36
      42
      35
      34
      44
      40
      29
      22
      42
      47
      35
      42
      31
      28
      30
      37
      44
      28
      27
      31
      26
      30
      22
      35
      39
      42
      33
      30
      38
      30
      35
      33
      52
      34
      35
      41
      30
      45
      32
      32
      31
      28
      32
      28
      33
      35
      34
      36
      24
      44
      27
      31
      33
      37
      27
      41
      29
      26
      25
      36
      36
      33
      34
      45
      28
      42
      33
      29
      37
      42
      27
      31
      33
      40
      28
      32
      25
      29
      28
      40
      28
      35
      31
      28
      28
      29
      23
      28
      27
      25
      28
      34
      32
      31
      16
      38
      30
      26
      21
      44
      33
      34
      30
      36
      31
      30
      36
      33
      26
      29
      31
      30
      29
      31
      41
      37
      44
      37
      39
      32
      30
      28
      31
      34
      26
      36
      29
      35
      46
      33
      31
      37
      42
      33
      34
      32
      26
      25
      35
      22
      31
      29
      33
      22
      23
      38
      24
      31
      28
      27
      27
      26
      34
      20
      32
      23
      27
      25
      27
      21
      27
      33
      16
      22
      21
      31
      16
      29
      15
       2
       0
       0
       0
       0
       0
       0
       0
       0
       0
       0
       0
       0
       0
       0
       0
       0
       0
       0
       0
       0
       0
       0
       0
       0
       0
       0
       0
       0
       0
       0
       0
       0
       0
       0
       0
       0
       0
       0
       0
       0
       0
       0
       0
       0
       0
       0
$ROI:
1
168 181
$PRESETS:
None
0
0
$ENER_FIT:
0.000000 3.991138
$MCA_CAL:
3
0.000000E+000 3.991138E+000 0.000000E+000 keV
$SHAPE_CAL:
3
1.151547E+001 0.000000E+000 0.000000E+000
