$SPEC_ID:
No sample description was entered.
$SPEC_REM:
DET# 1
DETDESC# PRAK01 Easy-MCA-2k SN 15071856
AP# Maestro Version 7.01
$DATE_MEA:
01/22/2002 01:34:32
$MEAS_TIM:
690 691
$DATA:
0 511
       0
       0
       0
       0
       0
       0
       0
       0
       0
       0
       0
       0
       0
       0
       0
       0
       0
       0
       0
       0
       0
       0
       0
       0
       0
       0
       0
       0
       0
       0
       0
       0
       0
       0
       0
       0
       7
      44
      50
     300
     428
     412
     383
     341
     343
     274
     264
     233
     225
     237
     256
     297
     420
     596
     859
    1225
    1416
    1717
    1640
    1508
    1116
     784
     481
     314
     153
      96
      97
     102
      84
      87
      68
      77
      81
      74
      72
      71
      69
      73
      53
      63
      60
      56
      67
      52
      61
      78
      52
      61
      62
      56
      60
      64
      65
      63
      66
      52
      42
      60
      51
      59
      59
      61
      54
      55
      63
      66
      62
      80
      62
      63
      63
      67
      72
      67
      54
      69
      65
      76
      61
      69
      63
      59
      50
      58
      66
      58
      60
      64
      51
      55
      66
      70
      58
      61
      55
      57
      63
      57
      79
      65
      78
      65
      79
      86
      62
      67
      60
      70
      60
      64
      72
      87
      67
      60
      72
      66
      79
      83
      63
      68
      77
      69
      71
      77
      63
      58
      69
      73
      64
      80
      66
      78
      66
      65
      59
      74
      55
      85
      86
      92
      75
      70
      73
      69
      68
      76
      72
      80
      74
      69
      60
      58
      67
      80
      55
      57
      64
      59
      70
      70
      94
      62
      67
      61
      75
      62
      59
      67
      76
      64
      68
      75
      50
      58
      61
      60
      78
      47
      55
      69
      58
      61
      56
      63
      69
      52
      57
      66
      54
      60
      52
      46
      54
      47
      54
      50
      52
      49
      58
      65
      54
      58
      55
      53
      55
      52
      63
      56
      72
      50
      74
      46
      53
      42
      48
      62
      59
      40
      43
      50
      70
      47
      51
      48
      62
      52
      47
      51
      56
      48
      46
      71
      47
      51
      50
      38
      48
      51
      49
      48
      43
      51
      49
      48
      43
      50
      38
      39
      34
      37
      53
      32
      37
      41
      46
      45
      45
      53
      50
      40
      51
      37
      46
      36
      32
      45
      48
      43
      49
      47
      44
      47
      49
      36
      40
      44
      47
      42
      35
      36
      40
      33
      34
      32
      42
      46
      45
      42
      41
      37
      26
      49
      26
      44
      46
      30
      46
      47
      41
      60
      54
      49
      37
      43
      41
      36
      37
      38
      33
      41
      37
      43
      41
      41
      43
      34
      46
      32
      37
      39
      30
      52
      38
      34
      31
      39
      40
      31
      32
      38
      27
      39
      45
      35
      37
      30
      35
      37
      37
      36
      27
      32
      47
      34
      38
      26
      35
      45
      45
      49
      33
      39
      39
      34
      42
      34
      32
      34
      37
      35
      34
      37
      39
      39
      31
      31
      32
      29
      34
      34
      48
      32
      27
      32
      33
      39
      30
      28
      39
      36
      26
      37
      39
      27
      35
      31
      40
      33
      31
      37
      31
      32
      37
      44
      38
      43
      29
      43
      43
      31
      34
      23
      24
      39
      27
      30
      22
      33
      35
      20
      34
      30
      35
      24
      29
      32
      29
      28
      32
      29
      22
      20
      25
      20
      19
       2
       0
       0
       0
       0
       0
       0
       0
       0
       0
       0
       0
       0
       0
       0
       0
       0
       0
       0
       0
       0
       0
       0
       0
       0
       0
       0
       0
       0
       0
       0
       0
       0
       0
       0
       0
       0
       0
       0
       0
       0
       0
       0
       0
       0
       0
       0
$ROI:
1
168 181
$PRESETS:
None
0
0
$ENER_FIT:
0.000000 3.991138
$MCA_CAL:
3
0.000000E+000 3.991138E+000 0.000000E+000 keV
$SHAPE_CAL:
3
1.151547E+001 0.000000E+000 0.000000E+000
