$SPEC_ID:
No sample description was entered.
$SPEC_REM:
DET# 1
DETDESC# PRAK01 Easy-MCA-2k SN 15071856
AP# Maestro Version 7.01
$DATE_MEA:
01/22/2002 01:48:05
$MEAS_TIM:
648 649
$DATA:
0 511
       0
       0
       0
       0
       0
       0
       0
       0
       0
       0
       0
       0
       0
       0
       0
       0
       0
       0
       0
       0
       0
       0
       0
       0
       0
       0
       0
       0
       0
       0
       0
       0
       0
       0
       0
       0
      12
      28
      45
     325
     430
     414
     405
     380
     317
     256
     248
     239
     255
     235
     259
     285
     390
     586
     835
    1229
    1500
    1720
    1701
    1459
    1197
     860
     543
     288
     192
     131
      89
      73
      84
      78
      87
      75
      71
      66
      77
      72
      64
      71
      64
      69
      59
      63
      65
      68
      59
      54
      48
      65
      65
      51
      58
      54
      53
      45
      54
      52
      44
      57
      66
      51
      58
      55
      50
      54
      56
      57
      63
      59
      78
      75
      62
      65
      64
      61
      65
      70
      42
      78
      47
      56
      58
      51
      61
      65
      50
      67
      62
      57
      71
      66
      59
      45
      57
      67
      68
      55
      65
      71
      47
      46
      53
      68
      63
      72
      62
      51
      70
      56
      77
      62
      60
      75
      67
      68
      65
      62
      78
      72
      78
      65
      72
      67
      61
      71
      77
      66
      66
      70
      59
      62
      67
      62
      74
      65
      69
      59
      72
      73
      67
      73
      82
      70
      76
      78
      75
      79
      71
      73
      79
      69
      64
      67
      52
      66
      60
      82
      58
      74
      61
      57
      57
      76
      68
      53
      60
      82
      65
      69
      74
      81
      52
      65
      65
      51
      53
      74
      69
      63
      71
      53
      71
      81
      57
      57
      51
      65
      63
      50
      48
      61
      49
      49
      54
      67
      54
      56
      66
      54
      61
      66
      60
      65
      57
      51
      53
      45
      40
      47
      41
      65
      59
      45
      55
      53
      50
      56
      62
      55
      68
      58
      46
      45
      53
      49
      55
      60
      41
      56
      51
      47
      46
      48
      35
      46
      51
      40
      43
      42
      35
      45
      43
      46
      40
      43
      46
      46
      40
      40
      38
      44
      43
      46
      42
      49
      46
      56
      42
      45
      39
      36
      47
      31
      36
      43
      46
      39
      42
      49
      41
      41
      53
      42
      46
      38
      30
      38
      39
      48
      54
      39
      35
      43
      32
      37
      44
      49
      29
      51
      43
      44
      43
      28
      29
      34
      42
      39
      41
      41
      41
      41
      49
      40
      35
      39
      44
      21
      36
      44
      39
      45
      41
      32
      32
      31
      40
      36
      36
      36
      36
      35
      33
      30
      34
      54
      41
      34
      37
      34
      38
      37
      36
      36
      36
      31
      41
      24
      36
      45
      42
      40
      36
      39
      30
      46
      42
      38
      27
      29
      31
      42
      34
      44
      38
      35
      30
      45
      35
      41
      39
      32
      34
      29
      43
      24
      34
      32
      41
      38
      40
      35
      48
      29
      35
      26
      37
      27
      33
      30
      28
      25
      40
      42
      36
      27
      38
      35
      45
      39
      25
      34
      33
      32
      36
      36
      21
      28
      27
      29
      34
      33
      34
      48
      32
      23
      34
      40
      28
      29
      24
      25
      38
      41
      27
      31
      24
      29
      23
      29
      21
      20
      27
      23
      28
      20
      22
       2
       0
       0
       0
       0
       0
       0
       0
       0
       0
       0
       0
       0
       0
       0
       0
       0
       0
       0
       0
       0
       0
       0
       0
       0
       0
       0
       0
       0
       0
       0
       0
       0
       0
       0
       0
       0
       0
       0
       0
       0
       0
       0
       0
       0
       0
       0
$ROI:
1
168 181
$PRESETS:
None
0
0
$ENER_FIT:
0.000000 3.991138
$MCA_CAL:
3
0.000000E+000 3.991138E+000 0.000000E+000 keV
$SHAPE_CAL:
3
1.151547E+001 0.000000E+000 0.000000E+000
