$SPEC_ID:
No sample description was entered.
$SPEC_REM:
DET# 1
DETDESC# PRAK01 Easy-MCA-2k SN 15071856
AP# Maestro Version 7.01
$DATE_MEA:
01/22/2002 03:43:18
$MEAS_TIM:
799 799
$DATA:
0 511
       0
       0
       0
       0
       0
       0
       0
       0
       0
       0
       0
       0
       0
       0
       0
       0
       0
       0
       0
       0
       0
       0
       0
       0
       0
       0
       0
       0
       0
       0
       0
       0
       0
       0
       0
       0
       8
      42
      59
     330
     503
     454
     407
     406
     345
     318
     286
     285
     257
     263
     334
     421
     624
     852
    1150
    1455
    1620
    1645
    1439
    1087
     742
     449
     287
     168
     115
     113
      83
      97
      97
      71
     107
      93
      83
      82
      89
      94
      75
      73
      87
      79
      92
      78
      71
      62
      61
      77
      81
      58
      63
      76
      67
      75
      61
      77
      75
      52
      53
      61
      69
      55
      60
      58
      66
      67
      80
      78
      76
      81
      84
      85
      77
      77
      70
      77
      75
      66
      78
      77
      65
      60
      62
      71
      69
      58
      61
      65
      56
      80
      79
      84
      67
      91
      72
      71
      78
      82
      80
      69
      83
      82
      78
      73
      99
      57
      80
      71
      89
      78
      72
      72
      83
      83
      80
      73
      64
      71
      96
      96
      71
      85
      88
      69
      84
      73
      84
      61
      73
      79
      86
      69
      69
      79
      76
      74
      73
      69
      88
      73
      66
      79
      72
      70
      91
      73
      76
      82
      95
      76
      85
      90
      87
      86
      93
      71
      94
      87
      78
     101
      64
      72
      83
      75
      78
      63
      74
      86
      78
      69
      82
      75
      71
      60
      65
      62
      67
      73
      64
      82
      81
      68
      70
      89
      57
      74
      81
      72
      72
      62
      65
      83
      64
      61
      68
      76
      58
      56
      57
      70
      67
      63
      59
      61
      70
      66
      52
      56
      48
      60
      64
      57
      58
      56
      65
      50
      49
      65
      76
      58
      36
      61
      51
      58
      57
      57
      54
      66
      44
      58
      52
      52
      53
      44
      49
      48
      52
      47
      55
      56
      45
      56
      52
      53
      50
      49
      57
      58
      54
      56
      50
      45
      51
      47
      53
      57
      49
      52
      54
      46
      45
      52
      44
      47
      58
      42
      56
      50
      45
      42
      41
      63
      56
      52
      54
      55
      52
      41
      47
      32
      31
      56
      46
      54
      48
      46
      42
      41
      45
      37
      47
      54
      28
      54
      46
      37
      44
      50
      40
      46
      47
      36
      29
      50
      37
      20
      38
      52
      45
      57
      36
      39
      40
      34
      41
      51
      38
      40
      43
      42
      50
      35
      34
      41
      50
      41
      30
      39
      35
      40
      34
      39
      42
      50
      43
      40
      30
      41
      35
      44
      44
      46
      43
      33
      52
      47
      37
      35
      42
      31
      43
      35
      42
      50
      40
      29
      42
      49
      47
      40
      45
      30
      35
      34
      22
      32
      44
      32
      49
      36
      46
      36
      40
      43
      43
      35
      34
      49
      34
      35
      40
      38
      40
      44
      54
      46
      31
      46
      32
      48
      43
      36
      63
      32
      28
      39
      38
      37
      31
      35
      37
      31
      36
      23
      31
      29
      23
      33
      29
      28
      30
      39
      39
      26
      25
      29
      33
      31
      17
      30
      26
      29
      28
      30
      27
      25
      19
       0
       0
       0
       0
       0
       0
       0
       0
       0
       0
       0
       0
       0
       0
       0
       0
       0
       0
       0
       0
       0
       0
       0
       0
       0
       0
       0
       0
       0
       0
       0
       0
       0
       0
       0
       0
       0
       0
       0
       0
       0
       0
       0
       0
       0
       0
       0
$ROI:
1
168 181
$PRESETS:
None
0
0
$ENER_FIT:
0.000000 3.991138
$MCA_CAL:
3
0.000000E+000 3.991138E+000 0.000000E+000 keV
$SHAPE_CAL:
3
1.151547E+001 0.000000E+000 0.000000E+000
