$SPEC_ID:
No sample description was entered.
$SPEC_REM:
DET# 1
DETDESC# PRAK01 Easy-MCA-2k SN 15071856
AP# Maestro Version 7.01
$DATE_MEA:
01/22/2002 03:15:41
$MEAS_TIM:
125 125
$DATA:
0 511
       0
       0
       0
       0
       0
       0
       0
       0
       0
       0
       0
       0
       0
       0
       0
       0
       0
       0
       0
       0
       0
       0
       0
       0
       0
       0
       0
       0
       0
       0
       0
       0
       0
       0
       0
       0
       4
      24
      30
     260
     379
     345
     325
     270
     261
     243
     218
     158
     170
     155
     232
     294
     443
     700
    1042
    1501
    1716
    1888
    1751
    1388
     969
     578
     356
     162
     100
      57
      38
      42
      28
      30
      36
      31
      43
      28
      33
      23
      40
      38
      49
      21
      36
      25
      31
      35
      33
      33
      36
      25
      33
      24
      34
      25
      32
      37
      38
      25
      33
      26
      42
      36
      30
      35
      34
      34
      29
      27
      31
      43
      35
      27
      36
      32
      33
      39
      38
      25
      35
      27
      54
      42
      29
      22
      32
      39
      24
      34
      28
      29
      35
      35
      39
      30
      31
      31
      38
      32
      45
      41
      37
      33
      40
      34
      42
      31
      30
      39
      43
      32
      31
      20
      37
      44
      40
      22
      31
      36
      27
      34
      32
      44
      29
      35
      33
      39
      29
      40
      44
      26
      25
      42
      39
      40
      39
      47
      38
      35
      40
      29
      44
      39
      44
      31
      36
      31
      35
      54
      48
      46
      34
      35
      39
      46
      46
      58
      36
      51
      34
      43
      47
      40
      39
      29
      42
      31
      46
      46
      40
      34
      39
      32
      41
      47
      37
      40
      40
      37
      40
      32
      52
      44
      50
      43
      48
      40
      33
      38
      24
      41
      28
      51
      40
      38
      32
      40
      33
      34
      39
      37
      40
      25
      39
      35
      38
      30
      34
      37
      49
      43
      34
      37
      38
      37
      38
      32
      39
      33
      41
      38
      40
      33
      33
      42
      38
      36
      34
      31
      28
      37
      42
      30
      34
      29
      35
      37
      33
      38
      44
      33
      43
      35
      35
      27
      34
      29
      37
      39
      28
      31
      36
      32
      36
      35
      33
      31
      30
      35
      31
      28
      19
      19
      34
      38
      33
      29
      39
      32
      38
      28
      24
      50
      33
      36
      32
      26
      28
      31
      35
      38
      34
      36
      28
      28
      29
      26
      29
      34
      25
      30
      22
      28
      38
      25
      30
      21
      24
      43
      31
      25
      29
      28
      43
      25
      37
      33
      24
      30
      31
      31
      25
      30
      34
      37
      37
      32
      25
      30
      37
      29
      30
      33
      34
      22
      33
      34
      33
      29
      28
      20
      30
      24
      32
      28
      37
      26
      29
      33
      33
      34
      32
      34
      34
      38
      20
      33
      20
      29
      30
      31
      19
      29
      27
      25
      29
      32
      34
      35
      26
      24
      35
      32
      25
      36
      27
      36
      40
      32
      23
      28
      29
      29
      34
      25
      34
      30
      25
      16
      26
      28
      31
      36
      36
      30
      32
      36
      30
      35
      31
      27
      34
      24
      36
      24
      29
      30
      28
      29
      26
      39
      29
      34
      38
      28
      25
      33
      25
      14
      30
      29
      25
      27
      31
      29
      27
      25
      26
      26
      23
      19
      15
      13
      20
      23
      11
      23
      10
       0
       0
       0
       0
       0
       0
       0
       0
       0
       0
       0
       0
       0
       0
       0
       0
       0
       0
       0
       0
       0
       0
       0
       0
       0
       0
       0
       0
       0
       0
       0
       0
       0
       0
       0
       0
       0
       0
       0
       0
       0
       0
       0
       0
       0
       0
       0
$ROI:
1
168 181
$PRESETS:
None
0
0
$ENER_FIT:
0.000000 3.991138
$MCA_CAL:
3
0.000000E+000 3.991138E+000 0.000000E+000 keV
$SHAPE_CAL:
3
1.151547E+001 0.000000E+000 0.000000E+000
