$SPEC_ID:
No sample description was entered.
$SPEC_REM:
DET# 1
DETDESC# PRAK01 Easy-MCA-2k SN 15071856
AP# Maestro Version 7.01
$DATE_MEA:
01/22/2002 01:59:53
$MEAS_TIM:
700 700
$DATA:
0 511
       0
       0
       0
       0
       0
       0
       0
       0
       0
       0
       0
       0
       0
       0
       0
       0
       0
       0
       0
       0
       0
       0
       0
       0
       0
       0
       0
       0
       0
       0
       0
       0
       0
       0
       0
       0
       9
      36
      57
     308
     409
     390
     365
     328
     339
     308
     263
     230
     234
     201
     235
     291
     409
     587
     851
    1223
    1458
    1803
    1702
    1552
    1180
     794
     508
     279
     197
     131
     102
     105
      78
      93
      97
      72
      75
      76
      69
      82
      66
      68
      59
      84
      81
      60
      80
      80
      60
      57
      66
      72
      54
      59
      64
      56
      60
      57
      38
      40
      52
      56
      46
      47
      60
      64
      51
      61
      69
      65
      58
      80
      78
      87
      81
      93
      61
      74
      66
      61
      64
      62
      63
      51
      70
      47
      50
      64
      57
      46
      54
      68
      52
      60
      49
      53
      53
      56
      75
      56
      56
      69
      49
      82
      58
      65
      69
      52
      76
      69
      67
      57
      66
      58
      72
      60
      68
      72
      77
      70
      79
      66
      54
      71
      61
      64
      57
      78
      66
      73
      73
      76
      80
      70
      81
      59
      69
      74
      54
      72
      75
      64
      62
      86
      82
      63
      71
      85
      71
      62
      83
      68
      70
      77
      75
      73
      63
      72
      70
      59
      78
      72
      71
      60
      90
      66
      63
      63
      53
      67
      52
      59
      68
      57
      62
      70
      60
      57
      65
      64
      88
      62
      53
      64
      53
      86
      71
      61
      67
      50
      57
      66
      62
      66
      52
      66
      64
      56
      58
      65
      47
      54
      58
      46
      49
      67
      62
      55
      53
      51
      59
      54
      48
      69
      47
      63
      59
      62
      49
      54
      54
      59
      44
      41
      31
      46
      48
      49
      54
      57
      40
      48
      42
      59
      61
      55
      45
      56
      53
      42
      38
      56
      39
      49
      43
      27
      61
      46
      51
      38
      55
      54
      36
      39
      44
      40
      44
      30
      50
      48
      41
      49
      60
      45
      53
      38
      42
      45
      30
      52
      41
      49
      38
      43
      27
      39
      50
      41
      37
      42
      37
      48
      41
      31
      39
      46
      40
      36
      48
      32
      32
      33
      43
      43
      43
      34
      36
      51
      45
      35
      53
      39
      28
      44
      38
      39
      42
      38
      45
      44
      35
      41
      37
      38
      33
      33
      34
      44
      25
      34
      37
      31
      33
      39
      38
      39
      30
      34
      32
      38
      42
      34
      42
      38
      23
      32
      38
      34
      38
      43
      30
      31
      40
      24
      40
      35
      29
      36
      45
      31
      26
      33
      33
      36
      39
      40
      29
      27
      36
      39
      25
      33
      39
      31
      25
      33
      27
      32
      35
      37
      43
      26
      55
      39
      33
      37
      29
      26
      30
      26
      34
      25
      39
      30
      31
      38
      30
      36
      44
      43
      36
      34
      42
      31
      24
      29
      29
      28
      23
      32
      33
      36
      26
      31
      30
      22
      47
      29
      20
      36
      28
      36
      24
      31
      16
      27
      24
      17
      22
      33
      30
      28
      17
      22
      21
      28
      25
      23
      16
       3
       0
       0
       0
       0
       0
       0
       0
       0
       0
       0
       0
       0
       0
       0
       0
       0
       0
       0
       0
       0
       0
       0
       0
       0
       0
       0
       0
       0
       0
       0
       0
       0
       0
       0
       0
       0
       0
       0
       0
       0
       0
       0
       0
       0
       0
       0
$ROI:
1
168 181
$PRESETS:
None
0
0
$ENER_FIT:
0.000000 3.991138
$MCA_CAL:
3
0.000000E+000 3.991138E+000 0.000000E+000 keV
$SHAPE_CAL:
3
1.151547E+001 0.000000E+000 0.000000E+000
