$SPEC_ID:
No sample description was entered.
$SPEC_REM:
DET# 1
DETDESC# PRAK01 Easy-MCA-2k SN 15071856
AP# Maestro Version 7.01
$DATE_MEA:
01/22/2002 02:12:26
$MEAS_TIM:
683 684
$DATA:
0 511
       0
       0
       0
       0
       0
       0
       0
       0
       0
       0
       0
       0
       0
       0
       0
       0
       0
       0
       0
       0
       0
       0
       0
       0
       0
       0
       0
       0
       0
       0
       0
       0
       0
       0
       0
       0
      11
      27
      35
     291
     426
     405
     383
     328
     324
     298
     238
     244
     233
     262
     231
     323
     444
     610
     906
    1251
    1542
    1824
    1736
    1455
    1184
     726
     458
     292
     152
     115
      76
      89
      80
      65
      54
      85
      80
      59
      73
      68
      62
      56
      65
      81
      57
      64
      67
      66
      57
      65
      69
      68
      58
      74
      77
      63
      39
      59
      53
      63
      51
      48
      54
      60
      51
      72
      57
      61
      67
      73
      81
      71
      72
      61
     100
      73
      73
      70
      59
      46
      43
      61
      58
      55
      59
      64
      52
      64
      67
      51
      64
      62
      70
      63
      60
      75
      61
      65
      54
      82
      64
      65
      60
      72
      76
      65
      66
      67
      56
      59
      68
      61
      69
      62
      61
      75
      72
      58
      75
      71
      66
      69
      73
      63
      64
      77
      70
      71
      75
      67
      71
      48
      53
      67
      77
      58
      81
      72
      62
      70
      65
      69
      69
      71
      85
      86
      76
      66
      73
      73
      71
      73
      81
      70
      56
      71
      64
      77
      66
      82
      62
      62
      57
      73
      71
      77
      69
      56
      57
      53
      74
      69
      76
      61
      68
      75
      68
      65
      63
      58
      58
      65
      68
      65
      59
      75
      70
      54
      37
      45
      56
      64
      70
      53
      68
      58
      63
      68
      65
      48
      71
      43
      52
      56
      60
      46
      47
      63
      59
      55
      44
      61
      53
      44
      51
      57
      57
      62
      50
      39
      63
      43
      47
      50
      51
      55
      49
      62
      45
      43
      49
      43
      53
      53
      41
      34
      46
      37
      51
      54
      53
      36
      52
      45
      41
      37
      47
      40
      37
      57
      54
      48
      42
      49
      35
      45
      46
      44
      31
      57
      45
      40
      41
      58
      55
      47
      46
      33
      37
      46
      36
      44
      35
      40
      34
      46
      37
      41
      39
      32
      39
      41
      38
      35
      51
      53
      42
      41
      38
      47
      32
      36
      43
      46
      36
      25
      38
      33
      49
      37
      35
      36
      46
      43
      41
      38
      39
      35
      41
      43
      41
      41
      35
      35
      38
      34
      30
      42
      43
      31
      45
      40
      37
      39
      30
      33
      41
      38
      26
      44
      37
      38
      32
      34
      31
      43
      37
      40
      25
      39
      34
      42
      36
      34
      35
      24
      29
      31
      41
      34
      35
      30
      36
      43
      26
      41
      30
      27
      39
      26
      36
      37
      41
      27
      31
      33
      42
      46
      42
      34
      45
      35
      39
      37
      32
      36
      40
      27
      46
      40
      25
      43
      39
      40
      45
      32
      33
      30
      33
      37
      39
      35
      43
      34
      41
      25
      35
      40
      24
      35
      25
      19
      35
      37
      38
      30
      34
      35
      27
      30
      30
      24
      39
      24
      23
      34
      29
      15
      13
      21
      32
      21
      19
      24
      14
      24
      21
      28
      13
       2
       0
       0
       0
       0
       0
       0
       0
       0
       0
       0
       0
       0
       0
       0
       0
       0
       0
       0
       0
       0
       0
       0
       0
       0
       0
       0
       0
       0
       0
       0
       0
       0
       0
       0
       0
       0
       0
       0
       0
       0
       0
       0
       0
       0
       0
       0
$ROI:
1
168 181
$PRESETS:
None
0
0
$ENER_FIT:
0.000000 3.991138
$MCA_CAL:
3
0.000000E+000 3.991138E+000 0.000000E+000 keV
$SHAPE_CAL:
3
1.151547E+001 0.000000E+000 0.000000E+000
