$SPEC_ID:
No sample description was entered.
$SPEC_REM:
DET# 1
DETDESC# PRAK01 Easy-MCA-2k SN 15071856
AP# Maestro Version 7.01
$DATE_MEA:
01/22/2002 00:46:07
$MEAS_TIM:
86 87
$DATA:
0 511
       0
       0
       0
       0
       0
       0
       0
       0
       0
       0
       0
       0
       0
       0
       0
       0
       0
       0
       0
       0
       0
       0
       0
       0
       0
       0
       0
       0
       0
       0
       0
       0
       0
       0
       0
       0
      13
      36
      58
     406
     581
     552
     509
     489
     412
     375
     316
     317
     282
     255
     280
     315
     429
     557
     917
    1458
    1938
    2439
    2630
    2707
    2170
    1709
    1064
     652
     346
     150
      91
      62
      45
      42
      45
      42
      43
      42
      46
      48
      36
      41
      33
      44
      40
      45
      38
      39
      35
      42
      41
      43
      36
      44
      40
      45
      30
      41
      38
      40
      44
      42
      28
      40
      40
      29
      39
      50
      38
      52
      41
      40
      38
      37
      43
      33
      53
      33
      44
      35
      40
      34
      46
      50
      42
      53
      49
      44
      45
      38
      35
      52
      41
      51
      47
      39
      52
      39
      42
      51
      42
      53
      43
      58
      54
      47
      39
      53
      45
      53
      46
      53
      39
      57
      45
      58
      39
      62
      54
      51
      57
      55
      46
      51
      46
      41
      42
      55
      46
      52
      53
      57
      45
      49
      52
      59
      43
      59
      42
      45
      48
      49
      44
      72
      61
      59
      56
      53
      51
      46
      53
      56
      68
      58
      54
      66
      56
      59
      52
      54
      64
      80
      35
      53
      83
      68
      53
      57
      62
      63
      62
      64
      42
      51
      52
      56
      64
      63
      59
      53
      65
      56
      59
      70
      59
      54
      55
      72
      66
      56
      52
      72
      59
      51
      59
      63
      57
      63
      64
      62
      60
      56
      46
      67
      65
      65
      44
      51
      52
      57
      57
      48
      47
      48
      45
      60
      64
      48
      43
      62
      53
      55
      57
      52
      51
      45
      58
      52
      43
      55
      62
      54
      50
      52
      50
      49
      44
      60
      46
      49
      47
      40
      58
      50
      42
      42
      51
      41
      51
      46
      38
      61
      40
      41
      41
      48
      59
      48
      39
      50
      46
      42
      43
      58
      53
      47
      48
      50
      46
      44
      46
      47
      48
      51
      44
      52
      55
      43
      54
      39
      58
      43
      51
      44
      41
      46
      41
      53
      42
      48
      39
      46
      45
      42
      50
      32
      46
      39
      47
      51
      51
      48
      53
      48
      44
      47
      49
      38
      41
      49
      55
      45
      50
      40
      49
      52
      43
      41
      49
      52
      49
      32
      53
      56
      51
      38
      37
      47
      32
      53
      34
      39
      43
      44
      45
      31
      32
      54
      46
      44
      40
      48
      39
      40
      53
      50
      47
      42
      51
      43
      43
      51
      45
      47
      55
      49
      37
      49
      52
      47
      41
      50
      52
      40
      39
      47
      58
      45
      36
      45
      49
      47
      39
      42
      43
      53
      43
      48
      46
      47
      45
      56
      35
      33
      46
      50
      48
      50
      59
      47
      42
      43
      41
      49
      49
      53
      34
      43
      43
      35
      43
      45
      36
      49
      33
      59
      53
      52
      39
      43
      49
      48
      48
      47
      40
      51
      44
      42
      45
      40
      47
      39
      50
      32
      31
      36
      38
      33
      22
       4
       0
       0
       0
       0
       0
       0
       0
       0
       0
       0
       0
       0
       0
       0
       0
       0
       0
       0
       0
       0
       0
       0
       0
       0
       0
       0
       0
       0
       0
       0
       0
       0
       0
       0
       0
       0
       0
       0
       0
       0
       0
       0
       0
       0
       0
       0
$ROI:
1
168 181
$PRESETS:
None
0
0
$ENER_FIT:
0.000000 3.991138
$MCA_CAL:
3
0.000000E+000 3.991138E+000 0.000000E+000 keV
$SHAPE_CAL:
3
1.151547E+001 0.000000E+000 0.000000E+000
