$SPEC_ID:
No sample description was entered.
$SPEC_REM:
DET# 1
DETDESC# PRAK01 Easy-MCA-2k SN 15071856
AP# Maestro Version 7.01
$DATE_MEA:
01/22/2002 00:47:55
$MEAS_TIM:
87 88
$DATA:
0 511
       0
       0
       0
       0
       0
       0
       0
       0
       0
       0
       0
       0
       0
       0
       0
       0
       0
       0
       0
       0
       0
       0
       0
       0
       0
       0
       0
       0
       0
       0
       0
       0
       0
       0
       0
       1
      10
      38
      53
     373
     592
     516
     508
     453
     414
     360
     331
     303
     299
     233
     282
     278
     418
     604
     934
    1414
    1971
    2399
    2673
    2516
    2269
    1686
    1114
     600
     287
     145
      89
      48
      32
      48
      28
      48
      40
      46
      57
      48
      45
      38
      38
      36
      49
      49
      34
      46
      57
      37
      49
      42
      38
      45
      57
      34
      43
      40
      52
      26
      51
      29
      45
      60
      34
      44
      30
      55
      49
      34
      41
      52
      50
      45
      40
      38
      52
      51
      41
      38
      36
      44
      53
      48
      48
      44
      42
      37
      49
      45
      48
      41
      44
      48
      60
      55
      45
      42
      58
      52
      51
      51
      54
      55
      51
      47
      63
      54
      34
      46
      48
      47
      52
      55
      45
      60
      44
      45
      65
      45
      49
      49
      59
      36
      53
      66
      52
      41
      33
      57
      52
      57
      44
      53
      51
      42
      50
      52
      59
      63
      54
      49
      63
      42
      30
      55
      57
      65
      59
      52
      52
      60
      54
      66
      65
      49
      69
      47
      46
      72
      57
      59
      62
      73
      67
      61
      53
      68
      79
      69
      56
      67
      49
      74
      58
      60
      66
      61
      59
      60
      56
      70
      77
      51
      50
      46
      49
      68
      48
      55
      54
      51
      72
      62
      50
      47
      52
      51
      70
      52
      48
      59
      57
      59
      54
      66
      48
      53
      45
      58
      62
      48
      59
      54
      49
      49
      41
      38
      51
      36
      57
      66
      50
      50
      49
      55
      50
      51
      42
      45
      49
      58
      59
      41
      48
      55
      52
      60
      38
      52
      53
      47
      53
      48
      49
      47
      42
      42
      47
      60
      56
      46
      50
      51
      48
      56
      64
      46
      44
      45
      62
      36
      48
      45
      47
      50
      47
      53
      40
      45
      48
      59
      64
      52
      44
      44
      39
      44
      58
      48
      56
      37
      34
      33
      51
      43
      41
      43
      41
      51
      55
      41
      48
      47
      36
      32
      50
      45
      44
      43
      47
      50
      41
      50
      43
      41
      49
      34
      55
      44
      54
      43
      52
      39
      48
      42
      53
      36
      40
      48
      48
      44
      48
      42
      45
      41
      58
      41
      55
      50
      55
      40
      50
      37
      36
      37
      38
      47
      49
      50
      38
      56
      33
      44
      43
      48
      41
      32
      42
      47
      43
      54
      44
      62
      48
      35
      43
      32
      45
      48
      41
      61
      49
      40
      52
      60
      56
      49
      47
      40
      43
      51
      42
      38
      47
      45
      47
      51
      52
      50
      42
      50
      53
      32
      34
      42
      33
      56
      54
      51
      45
      40
      62
      40
      35
      45
      42
      48
      40
      48
      43
      41
      51
      49
      51
      54
      44
      34
      44
      45
      41
      41
      60
      46
      49
      39
      49
      39
      40
      34
      32
      28
      31
      34
      38
      36
      36
      36
      29
       3
       0
       0
       0
       0
       0
       0
       0
       0
       0
       0
       0
       0
       0
       0
       0
       0
       0
       0
       0
       0
       0
       0
       0
       0
       0
       0
       0
       0
       0
       0
       0
       0
       0
       0
       0
       0
       0
       0
       0
       0
       0
       0
       0
       0
       0
       0
$ROI:
1
168 181
$PRESETS:
None
0
0
$ENER_FIT:
0.000000 3.991138
$MCA_CAL:
3
0.000000E+000 3.991138E+000 0.000000E+000 keV
$SHAPE_CAL:
3
1.151547E+001 0.000000E+000 0.000000E+000
