$SPEC_ID:
No sample description was entered.
$SPEC_REM:
DET# 1
DETDESC# PRAK01 Easy-MCA-2k SN 15071856
AP# Maestro Version 7.01
$DATE_MEA:
01/22/2002 00:50:49
$MEAS_TIM:
83 84
$DATA:
0 511
       0
       0
       0
       0
       0
       0
       0
       0
       0
       0
       0
       0
       0
       0
       0
       0
       0
       0
       0
       0
       0
       0
       0
       0
       0
       0
       1
       0
       0
       0
       0
       0
       0
       0
       0
       0
       9
      43
      65
     402
     592
     569
     533
     440
     419
     367
     323
     270
     262
     219
     274
     339
     398
     615
     936
    1390
    1912
    2338
    2608
    2581
    2107
    1455
     950
     502
     308
     136
      95
      58
      49
      39
      51
      53
      33
      42
      39
      41
      43
      53
      36
      41
      42
      43
      44
      34
      29
      47
      35
      48
      45
      40
      35
      41
      35
      52
      37
      38
      44
      37
      49
      41
      41
      49
      40
      44
      49
      51
      48
      50
      43
      40
      41
      43
      31
      48
      35
      33
      49
      40
      38
      34
      36
      38
      39
      35
      28
      51
      47
      44
      42
      42
      47
      40
      33
      44
      43
      46
      62
      39
      43
      45
      48
      47
      33
      34
      35
      38
      58
      49
      53
      47
      46
      43
      47
      43
      50
      42
      43
      55
      47
      61
      61
      40
      36
      37
      40
      55
      61
      59
      54
      45
      48
      50
      53
      58
      37
      56
      57
      55
      47
      42
      51
      46
      49
      47
      59
      57
      53
      54
      55
      42
      66
      57
      63
      46
      55
      61
      67
      54
      60
      58
      70
      75
      68
      54
      66
      81
      67
      61
      66
      65
      57
      56
      48
      72
      64
      61
      56
      50
      58
      72
      56
      51
      68
      51
      58
      44
      70
      50
      59
      56
      62
      48
      62
      50
      64
      44
      58
      53
      58
      50
      52
      55
      57
      62
      44
      44
      48
      50
      49
      39
      47
      59
      52
      51
      48
      56
      48
      40
      47
      60
      52
      42
      43
      57
      52
      48
      63
      41
      46
      51
      54
      51
      41
      47
      47
      41
      47
      54
      38
      61
      45
      49
      32
      35
      59
      50
      48
      45
      55
      43
      58
      49
      55
      43
      40
      44
      63
      42
      50
      45
      54
      43
      38
      55
      47
      50
      50
      42
      35
      49
      42
      43
      56
      50
      56
      55
      41
      42
      49
      44
      34
      48
      50
      48
      55
      42
      42
      62
      32
      37
      49
      40
      41
      43
      34
      40
      40
      43
      35
      37
      49
      48
      37
      41
      43
      42
      48
      58
      52
      43
      35
      38
      35
      42
      38
      58
      53
      45
      50
      42
      44
      51
      47
      34
      40
      56
      36
      42
      43
      33
      33
      49
      39
      36
      35
      30
      43
      36
      39
      34
      45
      40
      46
      38
      36
      50
      39
      54
      57
      35
      56
      44
      41
      39
      52
      40
      49
      41
      41
      39
      45
      44
      42
      50
      42
      49
      43
      52
      52
      36
      44
      43
      48
      53
      52
      43
      42
      34
      49
      45
      51
      54
      38
      58
      43
      51
      39
      40
      50
      49
      45
      56
      44
      51
      41
      51
      46
      54
      37
      55
      49
      44
      46
      44
      42
      42
      39
      45
      42
      41
      33
      37
      40
      45
      42
      45
      35
      43
      34
      34
      27
      32
      35
      40
      18
       2
       0
       0
       0
       0
       0
       0
       0
       0
       0
       0
       0
       0
       0
       0
       0
       0
       0
       0
       0
       0
       0
       0
       0
       0
       0
       0
       0
       0
       0
       0
       0
       0
       0
       0
       0
       0
       0
       0
       0
       0
       0
       0
       0
       0
       0
       0
$ROI:
1
168 181
$PRESETS:
None
0
0
$ENER_FIT:
0.000000 3.991138
$MCA_CAL:
3
0.000000E+000 3.991138E+000 0.000000E+000 keV
$SHAPE_CAL:
3
1.151547E+001 0.000000E+000 0.000000E+000
