$SPEC_ID:
No sample description was entered.
$SPEC_REM:
DET# 1
DETDESC# PRAK01 Easy-MCA-2k SN 15071856
AP# Maestro Version 7.01
$DATE_MEA:
01/21/2002 23:35:46
$MEAS_TIM:
26 26
$DATA:
0 511
       0
       0
       0
       0
       0
       0
       0
       0
       0
       0
       0
       0
       0
       0
       0
       0
       0
       0
       0
       0
       0
       0
       0
       0
       0
       0
       0
       0
       0
       0
       0
       0
       0
       0
       0
       0
       0
       1
      13
      47
      97
      89
      98
      96
      81
      76
      85
      62
      58
      48
      56
      52
      54
      46
      44
      51
      64
      96
     137
     191
     268
     366
     445
     415
     363
     288
     201
     135
      67
      28
      15
      12
       8
       6
      10
       9
       8
       3
      11
       9
       6
       5
       9
       5
       5
       8
       4
       6
       7
      11
       4
       5
      13
       5
       6
      10
       5
       6
       5
       5
      10
       6
       6
       6
       4
       3
       4
       5
       1
       9
       9
       7
       6
       4
       9
       6
       6
       6
       5
       3
      14
       7
       9
       8
       7
       9
       3
       6
      10
      10
       2
       7
       8
       3
       5
       4
       8
       2
       5
       8
       9
       8
       5
       5
       7
       8
       8
      11
      13
       8
       9
       7
      11
       8
       7
       6
       5
       7
       4
       6
       6
       4
       8
       7
       6
      11
      13
      10
       7
      10
       8
       6
       5
       8
       3
       3
       5
       6
       7
      12
       7
       9
      11
      12
      10
       9
       7
       5
       2
      10
      10
       7
       7
      10
      11
       7
       5
       6
      12
       8
       9
       8
      10
      11
      10
       5
       4
      12
       6
      13
       9
       8
       9
       9
       9
       9
       6
      11
       6
      12
       9
       7
       9
       8
      10
       5
       9
      12
      12
       7
      12
       5
      10
      10
       4
       6
      11
       5
      10
      10
      11
       6
       9
       6
       9
      12
       7
       5
       9
       5
       4
       9
      14
      10
       8
       4
      10
       8
       5
      10
      14
      11
      13
       9
       6
       7
       5
      11
       7
       9
       9
      12
      10
       9
       5
       4
       4
       7
      10
       6
       3
       9
       6
       6
      11
       6
      10
      11
       5
       8
       6
       8
       4
       6
       6
      11
      10
       6
      11
      11
       8
      14
      10
       7
      12
       8
       7
       5
      10
       5
       5
      17
       5
       9
       7
       6
       8
      11
       8
       6
       9
       8
       7
       3
       2
      12
       9
      11
      11
       4
       6
      14
       4
       7
      12
       8
      10
      11
      11
      15
       6
       7
       6
       6
       8
       8
       5
       6
      12
       6
       6
       7
       9
       6
       7
       7
       5
      12
       6
       5
       8
       9
      12
       5
       5
       9
       8
       6
       9
       6
       9
       2
       4
       7
       8
       7
       2
       9
      10
       6
       7
       6
       6
       5
       7
      12
       7
       6
      15
       8
       8
       6
       4
       9
       5
       7
       4
       8
      13
      11
       7
       4
       2
       6
       7
       5
      10
       7
       6
      10
       7
       6
       4
       5
       7
       6
       1
       2
       7
       7
       5
       5
       6
       8
       7
       9
      10
       6
       9
       7
       9
       9
       5
       5
      10
       5
       9
       9
       1
       7
       8
       9
       7
       8
       4
       7
       6
      10
       7
       5
       6
       8
       7
       5
       3
       7
      11
       5
       5
       5
       3
       5
       9
       9
       6
       4
       0
       0
       0
       0
       0
       0
       0
       0
       0
       0
       0
       0
       0
       0
       0
       0
       0
       0
       0
       0
       0
       0
       0
       0
       0
       0
       0
       0
       0
       0
       0
       0
       0
       0
       0
       0
       0
       0
       0
       0
       0
       0
       0
       0
       0
       0
$ROI:
1
168 181
$PRESETS:
None
0
0
$ENER_FIT:
0.000000 3.991138
$MCA_CAL:
3
0.000000E+000 3.991138E+000 0.000000E+000 keV
$SHAPE_CAL:
3
1.151547E+001 0.000000E+000 0.000000E+000
