$SPEC_ID:
No sample description was entered.
$SPEC_REM:
DET# 1
DETDESC# PRAK01 Easy-MCA-2k SN 15071856
AP# Maestro Version 7.01
$DATE_MEA:
01/21/2002 23:48:31
$MEAS_TIM:
23 23
$DATA:
0 511
       0
       0
       0
       0
       0
       0
       0
       0
       0
       0
       0
       0
       0
       0
       0
       0
       0
       0
       0
       0
       0
       0
       0
       0
       0
       0
       0
       0
       0
       0
       0
       0
       0
       0
       0
       0
       2
       8
      10
      57
      78
      92
      78
      87
      80
      68
      53
      43
      46
      47
      31
      48
      39
      40
      47
      75
     127
     156
     278
     361
     433
     408
     359
     271
     180
      96
      51
      20
      12
      10
       8
       3
       5
       3
       7
       8
       6
       7
      11
       3
       6
       7
       7
       2
       8
       6
       6
       6
       7
       2
       4
       5
       5
       5
       8
      11
       4
       5
       6
       3
       8
       7
       9
       3
       3
       3
       3
       3
       5
       8
       5
       6
       5
       8
       8
       6
       7
       8
       6
      11
       5
       9
       7
       5
       7
       7
       6
       5
       8
       6
       4
       3
       5
       6
       7
       6
       5
       5
       5
       3
       7
       9
       8
       7
       5
      10
       8
       7
      11
       9
       7
      11
       8
      10
       8
      10
       8
       9
      13
       4
       7
       8
       5
      10
       4
       9
      11
       7
       8
       9
       7
      14
       4
       2
       3
       6
      10
       7
       7
       6
       7
       7
       8
       6
       6
       7
       8
       8
       8
       8
       5
      10
      14
       8
       8
       9
      13
      10
      12
       6
      15
      15
       7
       8
      11
      11
       3
       6
       7
       5
      11
      17
      14
      12
       4
       3
       7
       6
       6
       6
       8
       4
      10
       8
       6
      11
       4
       6
      11
       8
       8
       6
       8
       9
      11
       4
       6
       5
       5
       9
       8
       8
       6
       7
       3
       2
       9
      11
       5
      11
       7
       6
      14
      15
       7
      10
       6
       8
       4
       7
       9
      13
       3
       4
      10
       6
       5
       1
       9
      13
      10
      10
       7
       6
       9
      12
       5
       3
       8
       9
      11
       7
      10
       5
       7
      10
       7
      12
       1
       8
       7
       8
       3
       7
       6
       8
       7
       7
       7
       5
       2
      10
       7
       4
       7
       9
       8
       5
      10
      12
       4
      11
       6
      10
       5
      13
       4
       4
       8
       5
       5
       7
       3
       4
       9
       9
      13
       3
       8
       9
       5
      10
       5
      11
      10
       9
       7
       7
      10
       5
       7
      10
       7
       6
       8
      12
       2
       6
       7
       5
       6
      12
       9
       5
      10
       8
       9
       2
       6
       5
      11
       5
       8
       6
       6
       9
       7
       7
       3
      11
       6
      10
       9
       5
       9
       3
       5
       4
       5
       4
       5
       4
       9
       8
       6
      14
       3
       7
      10
       4
       7
       3
       5
       6
       7
       8
       8
      11
       9
       9
      10
       5
      11
       7
       5
       8
       5
       9
      11
       6
       5
       4
       9
      12
       3
       7
       4
       7
       7
       9
       4
       6
       7
       6
       6
       5
       5
      10
      11
      14
       5
       6
       9
       4
       4
       7
       4
       4
       7
       8
       7
       6
       8
      10
       7
       3
       4
       6
      14
       3
       7
       1
       8
       7
       8
       6
       8
      12
       7
       8
       2
       8
       7
       7
       6
       1
       0
       0
       0
       0
       0
       0
       0
       0
       0
       0
       0
       0
       0
       0
       0
       0
       0
       0
       0
       0
       0
       0
       0
       0
       0
       0
       0
       0
       0
       0
       0
       0
       0
       0
       0
       0
       0
       0
       0
       0
       0
       0
       0
       0
       0
       0
$ROI:
1
168 181
$PRESETS:
None
0
0
$ENER_FIT:
0.000000 3.991138
$MCA_CAL:
3
0.000000E+000 3.991138E+000 0.000000E+000 keV
$SHAPE_CAL:
3
1.151547E+001 0.000000E+000 0.000000E+000
