$SPEC_ID:
No sample description was entered.
$SPEC_REM:
DET# 1
DETDESC# PRAK01 Easy-MCA-2k SN 15071856
AP# Maestro Version 7.01
$DATE_MEA:
01/21/2002 23:38:03
$MEAS_TIM:
24 24
$DATA:
0 511
       0
       0
       0
       0
       0
       0
       0
       0
       0
       0
       0
       0
       0
       0
       0
       0
       0
       0
       0
       0
       0
       0
       0
       0
       0
       0
       0
       0
       0
       0
       0
       0
       0
       0
       0
       0
       0
       8
       8
      50
      81
      78
     104
      98
      74
      68
      72
      58
      50
      60
      34
      43
      45
      42
      40
      60
      72
      97
     164
     208
     313
     361
     393
     366
     319
     226
     157
      89
      41
      27
      14
      11
       7
       8
       6
       7
      10
       8
      11
       6
       5
       4
       3
       6
       5
       3
      12
       2
       6
       8
       7
       4
       8
       5
       4
       9
       7
       7
       6
       5
       5
       7
       6
       2
       1
       7
       4
       7
       8
       7
       5
       7
       6
       8
       8
       2
       7
       8
       4
       9
       2
       6
       8
       4
       9
       8
       6
      11
       6
       7
       8
       7
       9
      13
       5
       7
       7
       3
       8
       9
       7
       8
       1
      12
       6
       6
       6
       8
       9
       4
       1
       4
       7
       6
       3
       9
      10
       3
      13
       7
       9
       5
       7
      10
       7
       9
       3
       9
       9
       6
       5
      10
       3
      11
       9
       8
      10
       7
       8
       8
       8
       6
      11
       7
      10
       8
       6
       2
      13
       3
      11
      15
      12
       9
       3
      10
      10
       5
      10
       5
       7
      10
       4
       9
      11
       9
      11
      10
      11
       9
       7
       9
       9
       8
       4
       3
      12
       8
      10
       8
      12
       9
       8
       6
       9
       5
      14
       6
       7
       6
       4
       9
       7
       7
       7
      11
      12
       7
       8
       7
       9
       8
      13
      12
       7
       8
       8
       7
      10
      15
      11
       3
       7
       8
       2
      14
      12
       9
      11
       8
       8
       9
       6
       9
       6
       5
      10
       2
       3
       8
       6
      11
      11
       3
       5
       8
       6
       7
      10
       6
      15
       5
       5
      15
       9
       6
      11
       8
       7
       5
       7
      10
       8
       9
       5
       7
       7
       6
       7
       3
       3
       5
       4
       3
       6
       8
       5
       5
       7
      11
       8
      12
       8
       9
       3
       6
       6
       4
      11
      10
       2
       2
      10
       8
       7
       8
       9
      13
       6
       7
       5
       6
      11
       9
       4
      11
       7
       3
       5
       4
       9
       4
       6
       6
       6
       8
       6
       5
       7
       5
       9
       3
       6
       6
       4
       7
       8
       3
       6
       8
       7
       7
       6
       4
       7
       9
       4
       5
       9
       7
       8
       6
      10
      11
       7
       4
       5
       9
       6
       6
       4
       2
       4
       5
       3
      12
       5
      13
       8
       5
       6
       4
       2
       6
       8
       2
       5
       3
       9
       9
       6
      10
       4
       7
       6
       9
       7
       4
       5
       7
       4
       9
       5
       4
       6
       3
       7
       7
       4
       5
       7
       8
       4
       5
      12
      11
       4
       1
       8
      11
       5
      11
       6
       3
       7
      10
       7
       4
       9
       8
      12
       2
       5
       5
       4
      11
      12
      12
       7
       5
       7
       6
       8
       2
       3
       8
       6
       6
       8
       8
      12
       6
       5
       8
       7
       1
       0
       0
       0
       0
       0
       0
       0
       0
       0
       0
       0
       0
       0
       0
       0
       0
       0
       0
       0
       0
       0
       0
       0
       0
       0
       0
       0
       0
       0
       0
       0
       0
       0
       0
       0
       0
       0
       0
       0
       0
       0
       0
       0
       0
       0
       0
$ROI:
1
168 181
$PRESETS:
None
0
0
$ENER_FIT:
0.000000 3.991138
$MCA_CAL:
3
0.000000E+000 3.991138E+000 0.000000E+000 keV
$SHAPE_CAL:
3
1.151547E+001 0.000000E+000 0.000000E+000
