$SPEC_ID:
No sample description was entered.
$SPEC_REM:
DET# 1
DETDESC# PRAK01 Easy-MCA-2k SN 15071856
AP# Maestro Version 7.01
$DATE_MEA:
01/21/2002 23:27:16
$MEAS_TIM:
84 84
$DATA:
0 511
       0
       0
       0
       0
       0
       0
       0
       0
       0
       0
       0
       0
       0
       0
       0
       0
       0
       0
       0
       0
       0
       0
       0
       0
       0
       0
       0
       0
       0
       0
       0
       0
       0
       0
       0
       0
       0
      16
      23
     182
     265
     265
     288
     290
     317
     285
     264
     270
     296
     273
     225
     216
     210
     181
     143
     132
     129
     129
     163
     212
     284
     449
     624
     945
    1182
    1391
    1460
    1413
    1074
     741
     550
     304
     136
      91
      45
      43
      34
      19
      23
      26
      20
      34
      23
      21
      17
      16
      25
      21
      19
      27
      20
      14
      23
      21
      23
      31
      19
      15
      25
      21
      32
      13
      19
      25
      20
      28
      26
      21
      23
      22
      28
      27
      18
      24
      23
      17
      19
      33
      19
      17
      18
      23
      21
      17
      21
      20
      26
      30
      17
      23
      18
      20
      21
      22
      19
      24
      20
      17
      18
      23
      21
      29
      24
      24
      17
      26
      30
      26
      29
      21
      25
      21
      29
      29
      25
      29
      16
      33
      24
      26
      30
      18
      15
      27
      27
      31
      19
      23
      23
      31
      28
      23
      22
      31
      24
      30
      28
      19
      20
      32
      20
      23
      19
      25
      23
      23
      22
      28
      20
      34
      28
      27
      23
      19
      24
      32
      29
      28
      22
      30
      29
      22
      27
      22
      28
      20
      25
      34
      23
      19
      26
      27
      23
      33
      21
      27
      17
      39
      24
      26
      28
      31
      35
      19
      30
      32
      24
      36
      33
      32
      37
      40
      33
      31
      32
      30
      26
      19
      28
      35
      46
      29
      27
      37
      22
      33
      28
      26
      30
      25
      29
      24
      25
      24
      29
      27
      30
      29
      26
      26
      30
      31
      23
      26
      25
      30
      27
      30
      36
      21
      32
      31
      30
      24
      20
      34
      26
      30
      28
      24
      22
      29
      26
      40
      24
      27
      16
      24
      36
      19
      26
      21
      23
      23
      21
      23
      33
      24
      24
      26
      23
      21
      33
      30
      30
      20
      21
      30
      26
      27
      16
      31
      22
      28
      18
      23
      28
      28
      26
      26
      29
      22
      21
      31
      20
      20
      28
      23
      27
      26
      22
      20
      21
      29
      26
      33
      18
      29
      36
      16
      29
      28
      16
      15
      16
      15
      21
      19
      19
      29
      21
      21
      26
      24
      14
      33
      20
      24
      23
      21
      18
      24
      20
      16
      12
      18
      23
      18
      19
      26
      23
      20
      17
      27
      25
      23
      22
      24
      25
      23
      27
      30
      20
      26
      24
      18
      27
      21
      20
      26
      25
      26
      12
      20
      15
      28
      18
      22
      30
      16
      25
      14
      23
      24
      18
      15
      20
      25
      25
      27
      20
      20
      19
      17
      22
      24
      34
      18
      23
      24
      23
      22
      27
      17
      26
      27
      35
      18
      20
      33
      20
      19
      14
      25
      24
      16
      17
      20
      23
      17
      21
      20
      22
      23
      23
      17
      20
      21
      24
      28
      27
      35
      24
      18
      26
      28
      19
      19
      16
      36
      26
      22
      29
      17
      14
       2
       0
       0
       0
       0
       0
       0
       0
       0
       0
       0
       0
       0
       0
       0
       0
       0
       0
       0
       0
       0
       0
       0
       0
       0
       0
       0
       0
       0
       0
       0
       0
       0
       0
       0
       0
       0
       0
       0
       0
       0
       0
       0
       0
       0
       0
       0
$ROI:
1
168 181
$PRESETS:
None
0
0
$ENER_FIT:
0.000000 3.991138
$MCA_CAL:
3
0.000000E+000 3.991138E+000 0.000000E+000 keV
$SHAPE_CAL:
3
1.151547E+001 0.000000E+000 0.000000E+000
