$SPEC_ID:
No sample description was entered.
$SPEC_REM:
DET# 1
DETDESC# PRAK01 Easy-MCA-2k SN 15071856
AP# Maestro Version 7.01
$DATE_MEA:
01/21/2002 23:43:33
$MEAS_TIM:
34 34
$DATA:
0 511
       0
       0
       0
       0
       0
       0
       0
       0
       0
       0
       0
       0
       0
       0
       0
       0
       0
       0
       0
       0
       0
       0
       0
       0
       0
       0
       0
       0
       0
       0
       0
       0
       0
       0
       0
       0
       4
       9
      10
      77
     107
     122
     123
     111
      97
     107
      99
      73
      56
      62
      59
      65
      70
      67
      65
      92
     112
     220
     292
     326
     498
     576
     531
     471
     363
     230
     125
      79
      24
      15
      12
       9
       9
       6
       9
      10
      14
       8
      10
      11
       9
      14
       5
      12
       9
       7
      11
      13
       9
      12
       5
      11
       4
      14
      11
      10
      11
      13
      10
      14
      11
       7
       7
       8
       7
       5
      10
      10
       7
       6
       8
      18
      12
       9
      10
       7
       8
       9
       5
      16
       7
       5
      12
       8
      10
       9
      11
       8
       7
       9
       7
       4
       9
      11
       7
      11
       9
       9
       8
      13
       7
       9
      10
      10
       9
       8
       9
       5
      10
      15
       9
       6
       8
       8
      12
      12
       4
      11
      10
       7
      11
      12
       8
      10
       8
       9
      10
      10
      12
      12
      10
      13
      15
       8
       9
      10
      11
      11
      11
       9
      11
       9
      18
      12
      12
      12
      11
      13
      13
      11
       9
      15
      13
      17
      16
       7
      18
      19
      16
      11
      13
      10
      15
      12
      10
      12
      14
      11
       8
       6
      12
      10
      11
      10
      12
      10
       7
      11
       8
      13
      20
      15
      14
      12
      19
      11
      12
      15
       6
      10
      16
      12
      17
      12
      10
       7
      13
      10
      10
      10
      11
      10
      11
       7
      12
      12
      13
      12
      10
      11
       7
      10
       7
       9
       6
       8
      11
      16
      12
      12
       2
       8
       8
      12
      14
       9
       7
       8
      10
      10
      10
       6
       6
       9
      17
       4
      15
      10
       6
       7
      11
      14
       8
      13
      13
      12
       9
       7
      13
       5
       6
       7
       7
       6
       5
       6
       5
       9
      14
       8
       9
      11
      11
      12
      10
      14
       5
       8
      12
      11
       7
      12
      10
      15
       9
       7
       8
       8
       9
       6
      14
       4
       8
      11
       5
      14
      13
       6
       5
       6
      11
      13
       8
       7
       8
       4
       9
      12
      10
      10
      11
      10
      11
      10
       8
      10
       7
      10
      12
       7
       9
       9
       9
      17
      14
       6
      14
      13
      12
      13
      15
      13
      13
      15
      11
      12
       9
       8
       5
      16
       9
       8
      11
       8
       8
      10
      10
       7
      12
       9
       7
       8
      11
       6
       8
      11
       6
       9
       9
       6
       6
      10
      11
      10
       9
       8
       6
       4
      13
       7
       9
       8
      12
       9
       6
       5
       3
       8
      11
       6
       7
      10
      12
      11
      10
       7
       8
       6
      14
       9
       8
      12
      15
      10
      12
       7
      11
       3
       8
      12
      19
       6
      11
      11
       7
      13
      11
       4
       9
       7
      11
      17
      11
       7
      11
       5
       8
      10
       8
      11
       7
      11
       8
       7
       3
       6
       8
      12
       8
      16
       7
       8
      12
       4
       9
       0
       0
       0
       0
       0
       0
       0
       0
       0
       0
       0
       0
       0
       0
       0
       0
       0
       0
       0
       0
       0
       0
       0
       0
       0
       0
       0
       0
       0
       0
       0
       0
       0
       0
       0
       0
       0
       0
       0
       0
       0
       0
       0
       0
       0
       0
       0
$ROI:
1
168 181
$PRESETS:
None
0
0
$ENER_FIT:
0.000000 3.991138
$MCA_CAL:
3
0.000000E+000 3.991138E+000 0.000000E+000 keV
$SHAPE_CAL:
3
1.151547E+001 0.000000E+000 0.000000E+000
