$SPEC_ID:
No sample description was entered.
$SPEC_REM:
DET# 1
DETDESC# PRAK01 Easy-MCA-2k SN 15071856
AP# Maestro Version 7.01
$DATE_MEA:
01/21/2002 23:41:10
$MEAS_TIM:
24 24
$DATA:
0 511
       0
       0
       0
       0
       0
       0
       0
       0
       0
       0
       0
       0
       0
       0
       0
       0
       0
       0
       0
       0
       0
       0
       0
       0
       0
       0
       0
       0
       0
       0
       0
       0
       0
       0
       0
       0
       1
       5
       6
      48
     104
      90
      78
      76
      73
      71
      62
      68
      43
      54
      53
      38
      43
      54
      38
      41
      76
     140
     187
     257
     323
     385
     376
     362
     250
     185
     113
      48
      19
      14
      12
      11
       8
      12
       7
       5
       6
       4
       5
       6
       7
       8
       7
       5
       4
       9
       8
       4
       5
      10
       7
       7
       9
       7
       6
       9
       5
       6
       7
       7
       9
      11
       5
       4
       8
       7
       1
       4
       5
       6
       9
       5
       9
       9
       6
       6
      10
       9
       7
       4
       5
       6
       5
       6
       5
       7
       6
       8
       3
       3
       7
       6
       6
       5
       5
       7
       6
       9
       4
      12
       6
       5
       5
       7
       8
       3
       9
       9
       5
       7
       4
       7
       7
       5
       5
       9
       7
       6
       5
       4
       6
       9
       8
       7
       8
       4
       5
       5
      14
       5
       5
       7
       3
       7
       5
      12
       2
       5
       5
       3
       8
      13
       8
       6
       8
       4
       8
      10
       8
      11
       7
      10
      10
      13
       9
      12
       8
       5
       7
       9
       8
       5
       3
       6
      13
       4
      10
       4
      15
       6
       6
      10
      10
      13
       8
      15
      11
      14
       8
       6
       6
       8
      12
       6
       5
       9
      13
      21
       5
       6
       6
       6
      12
       6
       9
       9
       7
       6
      10
       8
       7
      11
       7
       9
       7
       8
      11
       2
      12
       5
       9
      14
       8
      10
       5
       3
      10
      11
       7
       5
       5
       3
       9
       6
       5
       4
      10
      11
       6
      11
       9
       9
       5
       5
       7
       6
       7
       8
       8
      11
       7
       7
       9
       4
      13
       4
       6
       6
      11
       9
       9
       5
      10
      12
       6
      11
       5
      11
       4
      10
      12
       9
       3
       8
       6
       5
       8
       4
       3
       8
      10
      10
       5
       8
       6
       7
       5
       4
       3
       3
       7
       8
       5
       1
       6
       7
       6
       7
       7
      10
       8
       3
       5
       8
       8
       7
       8
       4
       9
       5
       5
       8
       9
      11
       4
       8
       2
       2
       3
       4
       8
       5
       6
       5
       3
      14
       8
      10
       9
      10
       6
       6
       9
      10
       3
      11
       3
       9
       9
       3
       8
       5
       5
       7
       7
       5
       6
       6
       8
       7
       6
       5
       7
       7
       5
       7
       8
       6
       5
       9
       4
       4
       5
       2
       4
       3
       3
      10
       8
       6
       7
       7
       6
       5
       3
       5
       7
       8
       7
       7
       7
      11
       3
       6
      12
      10
       8
       2
       6
       9
      11
       8
       8
       5
      10
       5
       6
      11
       6
       8
       8
       4
       6
      10
       9
       7
       9
       7
       7
       8
      10
       7
      11
       5
       7
       6
       7
       5
       5
      11
       2
      11
       7
       7
       5
       9
       5
       9
       9
       6
      10
       5
       6
       8
       5
       0
       0
       0
       0
       0
       0
       0
       0
       0
       0
       0
       0
       0
       0
       0
       0
       0
       0
       0
       0
       0
       0
       0
       0
       0
       0
       0
       0
       0
       0
       0
       0
       0
       0
       0
       0
       0
       0
       0
       0
       0
       0
       0
       0
       0
       0
       0
$ROI:
1
168 181
$PRESETS:
None
0
0
$ENER_FIT:
0.000000 3.991138
$MCA_CAL:
3
0.000000E+000 3.991138E+000 0.000000E+000 keV
$SHAPE_CAL:
3
1.151547E+001 0.000000E+000 0.000000E+000
