$SPEC_ID:
No sample description was entered.
$SPEC_REM:
DET# 1
DETDESC# PRAK01 Easy-MCA-2k SN 15071856
AP# Maestro Version 7.01
$DATE_MEA:
01/21/2002 23:42:03
$MEAS_TIM:
29 29
$DATA:
0 511
       0
       0
       0
       0
       0
       0
       0
       0
       0
       0
       0
       0
       0
       0
       0
       0
       0
       0
       0
       0
       0
       0
       0
       0
       0
       0
       0
       0
       0
       0
       0
       0
       0
       0
       0
       0
       0
       7
       9
      42
      86
      81
      76
      69
      87
      93
      75
      54
      45
      51
      37
      41
      38
      38
      56
      56
      71
     149
     202
     280
     342
     408
     376
     371
     272
     155
     108
      47
      23
      12
      15
       6
       8
       2
       5
      10
       8
       3
       9
       5
       6
       2
       8
       3
       6
       3
       7
      11
       9
       5
       7
       4
       7
       9
       7
       4
       6
      11
      10
       8
       9
       8
       4
       8
       7
       7
       9
       9
       8
       4
       6
       5
       8
       5
       4
       6
       6
       8
      12
       3
       7
       6
       9
       8
       3
       4
       6
       7
       1
       6
       7
      10
      12
       4
      10
       6
       3
       8
       6
       9
       9
       9
       4
       2
       5
       7
       6
       4
       6
       4
       8
       5
      12
       4
       8
       5
       4
       7
      10
       8
       6
       9
       7
       9
       8
       0
       8
       9
       7
       8
       6
      11
       6
       4
      15
       6
       9
       8
       7
       8
       6
      13
       6
       3
       4
       8
       4
       7
       7
       7
      14
       8
      10
       8
       5
      10
       7
      12
      13
       7
       7
       8
       8
      13
       5
      10
       6
       8
      12
       9
      11
      11
      12
      13
       3
       7
      10
      13
       6
       7
       9
       8
      10
       8
       7
      12
       5
       9
       5
      11
       6
       9
      10
       9
      11
       5
       9
       8
       8
      10
       9
       6
       7
      13
       6
       5
       4
       9
      10
       3
       7
      12
       8
      19
       9
       6
      13
      10
       8
       7
       2
       8
       6
      10
       5
       3
      14
       6
       4
      11
       6
       9
       6
       9
       7
       5
       7
       6
       5
      10
       5
       6
       6
      11
       6
       8
      13
       5
      11
       9
       8
       9
       8
       6
       5
      12
       5
       7
      11
       9
       8
       8
       7
       6
       8
       6
       4
       7
       7
       9
      12
       6
       5
       4
       9
      11
       9
      10
       4
       5
       8
       6
      11
       6
       9
       7
       0
       9
       6
       6
       4
       7
       8
       4
       9
       9
      12
       6
       9
       6
       9
      13
       7
       6
       7
       3
       3
       9
       7
       5
       5
       9
      11
      10
       4
       7
       3
       6
       7
       6
       6
       4
       7
      10
       4
       5
      11
       4
       5
       4
       6
       8
       5
       5
       5
       4
       4
       6
       6
       5
      10
       1
       5
       9
       3
       5
      11
       4
       3
       3
       3
       5
       6
       3
       8
      12
       4
       2
      11
       2
      14
       6
       7
       4
       2
       7
       7
       1
       6
       9
      11
       4
       5
      10
       4
       8
       4
       4
       5
       9
       7
       5
       2
       5
      10
       3
       7
       5
       8
       4
       7
      10
       6
       5
       6
       7
       3
       9
       7
      10
      11
       5
       6
       5
      10
       5
       8
       7
       7
       1
       5
       4
      12
      10
       3
      13
       3
       6
       8
       9
       2
       6
      13
       4
       6
       1
       0
       0
       0
       0
       0
       0
       0
       0
       0
       0
       0
       0
       0
       0
       0
       0
       0
       0
       0
       0
       0
       0
       0
       0
       0
       0
       0
       0
       0
       0
       0
       0
       0
       0
       0
       0
       0
       0
       0
       0
       0
       0
       0
       0
       0
       0
$ROI:
1
168 181
$PRESETS:
None
0
0
$ENER_FIT:
0.000000 3.991138
$MCA_CAL:
3
0.000000E+000 3.991138E+000 0.000000E+000 keV
$SHAPE_CAL:
3
1.151547E+001 0.000000E+000 0.000000E+000
