$SPEC_ID:
No sample description was entered.
$SPEC_REM:
DET# 1
DETDESC# PRAK01 Easy-MCA-2k SN 15071856
AP# Maestro Version 7.01
$DATE_MEA:
01/21/2002 23:36:50
$MEAS_TIM:
30 31
$DATA:
0 511
       0
       0
       0
       0
       0
       0
       0
       0
       0
       0
       0
       0
       0
       0
       0
       0
       0
       0
       0
       0
       0
       0
       0
       0
       0
       0
       0
       0
       0
       0
       0
       0
       0
       0
       0
       0
       1
       3
       4
      70
      85
      94
     121
     120
      89
      82
      90
      85
      66
      50
      54
      46
      55
      46
      57
      57
      87
     115
     164
     251
     338
     492
     498
     488
     413
     357
     231
     130
      64
      41
      20
      11
       5
       9
       9
       9
       9
       7
       7
       4
       8
       8
       8
       3
       7
       5
       7
      13
      10
       5
       6
      12
      14
       7
       4
       8
       6
       9
      12
       7
       7
      10
       6
      11
       8
       5
       6
       6
       7
      10
      10
       6
       5
       4
       6
       8
       5
       5
       6
       7
       9
       9
       5
       2
       7
       6
       8
       6
      11
       7
       6
      11
       7
       4
       6
       7
      12
      19
       8
       5
       5
       8
       4
       7
       8
       7
      10
       9
      12
       7
       7
      11
       5
       6
       5
       5
      10
       8
       8
       7
       5
       8
       8
       9
       6
       9
       5
       6
      11
       9
       7
       6
       3
      14
       8
       3
       5
       7
      13
      11
       9
       9
      12
      11
      10
      13
       4
      10
       8
      13
       7
       5
      11
      11
       8
      11
       7
      11
       7
      10
      12
       8
       9
       8
      12
      16
       9
       5
       9
      12
      13
      10
      15
      15
      16
      12
      12
      10
      13
       7
      14
      14
       9
      10
       8
      14
      11
       5
      13
       8
      14
       8
      14
       8
      10
       8
      12
       6
      13
      14
       9
      17
       7
      15
       7
       5
       9
       9
       9
       9
       7
       9
      14
      10
      10
      12
       9
       8
      16
      19
      17
       6
       9
      10
       6
      11
       7
       7
       9
       8
      14
       5
       9
      11
      18
      18
       8
      14
      11
       9
       3
      12
       8
       9
      13
      11
       4
       7
       8
       9
      11
       9
       6
      13
      11
       9
      10
       4
      11
      15
       7
       5
      16
       5
       9
       8
       9
       8
       6
      15
       5
       3
      12
       7
       8
       7
       8
      12
       5
       3
      12
      11
       6
       3
      16
       6
       6
      10
      12
       7
       6
      10
       3
       8
       8
       9
       9
       7
      11
       4
      12
       5
      11
      10
       5
      10
      17
       9
       4
       9
       6
       9
       5
      13
      15
       3
       9
       9
       7
       4
       7
       6
      13
       7
       7
      11
       7
      12
       9
       8
       9
       5
       8
      13
       6
       8
       7
       7
      13
       6
       7
       7
       8
      10
      12
      10
      11
      10
       6
       8
       7
      11
       9
      12
       8
      10
      10
      10
      10
       7
       9
       7
      11
       6
      14
       2
       7
       9
       9
       8
      10
      11
      12
       9
       6
       8
       8
       6
       8
       6
       9
       7
      10
       6
       9
      10
       3
       8
      12
       8
      15
       5
       9
       6
       6
       4
       8
       9
      15
      10
       9
      11
      15
       6
       6
       9
       5
      11
       6
       3
       9
       8
      13
       8
       8
      12
       5
      11
      10
      12
      12
      11
       8
       6
       6
       1
       0
       0
       0
       0
       0
       0
       0
       0
       0
       0
       0
       0
       0
       0
       0
       0
       0
       0
       0
       0
       0
       0
       0
       0
       0
       0
       0
       0
       0
       0
       0
       0
       0
       0
       0
       0
       0
       0
       0
       0
       0
       0
       0
       0
       0
       0
$ROI:
1
168 181
$PRESETS:
None
0
0
$ENER_FIT:
0.000000 3.991138
$MCA_CAL:
3
0.000000E+000 3.991138E+000 0.000000E+000 keV
$SHAPE_CAL:
3
1.151547E+001 0.000000E+000 0.000000E+000
