$SPEC_ID:
No sample description was entered.
$SPEC_REM:
DET# 1
DETDESC# PRAK01 Easy-MCA-2k SN 15071856
AP# Maestro Version 7.01
$DATE_MEA:
01/21/2002 23:46:26
$MEAS_TIM:
26 26
$DATA:
0 511
       0
       0
       0
       0
       0
       0
       0
       0
       0
       0
       0
       0
       0
       0
       0
       0
       0
       0
       0
       0
       0
       0
       0
       0
       0
       0
       0
       0
       0
       0
       0
       0
       0
       0
       0
       0
       0
       7
      10
      67
      96
      92
      98
      78
      84
      67
      56
      57
      52
      49
      46
      38
      43
      64
      59
      97
     126
     219
     269
     401
     438
     491
     378
     304
     223
     129
      65
      32
      18
      11
      11
       9
       7
       7
       4
       7
       7
       8
       6
       4
       6
       7
       6
       6
       4
       5
       6
       4
       8
       5
       6
      10
       8
       8
       6
       5
       9
       9
       4
       6
       9
       9
      10
       3
       8
       8
       4
       4
      10
       9
       5
      14
      12
       6
      11
       6
       4
       4
       4
       8
       5
      16
      10
      10
       6
       7
       7
      10
       7
       5
       3
      11
      11
       8
       5
       9
      10
      10
      11
       7
       9
       8
       3
       9
      12
       8
       6
       8
       9
      12
       4
       8
       8
      10
       6
      16
       5
       6
      11
      11
       6
       8
       9
       8
       8
       9
      12
      11
      12
       6
      10
       5
      11
       7
       7
      16
      13
       7
       8
       9
       4
      10
       8
       5
       9
       5
       6
       6
       7
      14
       7
       3
       9
      13
      12
      12
       6
       7
       4
       8
       9
      12
       8
       7
      10
       8
       8
      12
       4
       6
      13
       8
       9
       6
       9
      12
       9
       8
      12
       5
       3
      11
      10
      10
      10
      12
      14
      10
       7
      18
      13
      13
       7
       5
       8
      10
       5
       9
      19
      15
       9
      11
      12
       8
       6
       4
       6
      10
      11
       9
       7
      10
       7
       7
       5
       8
       8
       7
      12
       8
      10
       6
      13
       8
       6
       9
       5
       8
      14
       9
       7
       9
      10
       9
      11
      11
       7
       9
       7
      10
       9
       7
       8
       7
       6
       5
       7
       9
       6
      11
       4
       8
       7
       5
       8
      12
       9
      10
       8
      13
       9
       5
      10
       7
       7
      11
       8
      11
       7
      12
       9
       6
       4
       9
      10
      11
       6
       9
      11
       7
       5
       7
      13
       4
       8
       4
       6
       8
       6
       8
       5
      11
       6
       9
       5
       7
       9
       2
       8
      11
       3
       4
       7
       6
       9
      11
       6
      10
       3
       7
      11
       2
       5
       7
       5
      10
       9
       6
       7
       7
      11
       8
       7
      10
       9
       4
       4
       4
       8
       8
      10
       6
       6
       4
       9
       9
       6
       6
       6
       8
       9
       7
       3
       8
       5
       7
       8
       7
       8
       6
       9
       5
      10
       6
       3
       5
       8
      11
       4
       6
       6
       6
      10
       9
       5
       7
       3
       8
      11
       2
       8
       9
      13
       8
       7
       8
       8
       7
       8
       4
       6
      11
       6
       7
      11
       6
       9
       2
       9
      12
      11
      10
       9
       5
       4
       9
       5
       8
       8
       5
       8
       4
       8
       6
       7
       6
      10
      10
       6
       6
       9
       7
       6
       9
       8
       8
      10
       9
       7
       9
       7
       7
       7
       3
       7
       0
       0
       0
       0
       0
       0
       0
       0
       0
       0
       0
       0
       0
       0
       0
       0
       0
       0
       0
       0
       0
       0
       0
       0
       0
       0
       0
       0
       0
       0
       0
       0
       0
       0
       0
       0
       0
       0
       0
       0
       0
       0
       0
       0
       0
       0
       0
$ROI:
1
168 181
$PRESETS:
None
0
0
$ENER_FIT:
0.000000 3.991138
$MCA_CAL:
3
0.000000E+000 3.991138E+000 0.000000E+000 keV
$SHAPE_CAL:
3
1.151547E+001 0.000000E+000 0.000000E+000
