$SPEC_ID:
No sample description was entered.
$SPEC_REM:
DET# 1
DETDESC# PRAK01 Easy-MCA-2k SN 15071856
AP# Maestro Version 7.01
$DATE_MEA:
01/21/2002 23:47:25
$MEAS_TIM:
24 24
$DATA:
0 511
       0
       0
       0
       0
       0
       0
       0
       0
       0
       0
       0
       0
       0
       0
       0
       0
       0
       0
       0
       0
       0
       0
       0
       0
       0
       0
       0
       0
       0
       0
       0
       0
       0
       0
       0
       0
       0
       2
       6
      42
     101
      86
      85
      85
      88
      88
      56
      50
      41
      28
      38
      36
      48
      53
      58
      93
     139
     170
     260
     337
     412
     408
     347
     274
     190
     124
      74
      39
      20
      11
       9
       5
      11
       6
       5
       8
       4
       6
       6
       9
       6
       1
       6
       3
       9
       8
       6
       6
       6
       8
       9
       7
       7
       4
       8
       8
       7
       2
       6
       5
       5
       6
       2
       7
       7
       9
       3
       6
       6
       5
       6
       9
       6
      10
       9
       4
       8
       9
       7
       4
       4
       4
       7
       4
       5
       3
       6
      10
       4
       4
       7
       3
       9
       6
       8
      10
       8
       5
       8
       4
       7
       2
       2
       9
       6
       9
       5
      11
       4
      12
      10
       3
       7
       4
       7
       6
       8
       3
       4
       5
       8
       9
       7
       2
      11
      10
       4
       3
      10
      11
       4
       3
       9
       8
       5
       6
       7
       6
      10
       4
       8
       7
       8
      13
       6
      10
      15
       7
       5
       5
       7
      15
      12
       5
       7
       8
       5
      10
      12
       8
      11
      10
       6
       8
       4
       8
      10
      14
       7
       6
       8
      11
       8
       3
      10
      10
       8
      12
       6
       8
       8
       8
      10
       7
      15
       6
       6
      10
       8
       8
       8
       6
      10
       9
       4
       9
       9
       7
       6
      15
       9
       6
       5
      10
       7
       9
       5
       9
       7
       8
       4
       9
       4
       8
       8
       7
       9
      11
      13
       8
      14
       5
       8
       9
      11
      13
      11
      12
      12
       9
       6
       6
       8
       9
      16
       5
       9
       9
       8
       7
       6
      12
       7
      11
       6
       8
       7
       7
       7
       9
      13
       5
       8
       4
       9
       6
       8
       5
       9
       6
       6
      11
       8
       9
       5
       6
      13
       8
       7
       5
       6
       8
      10
       3
       4
       7
       7
       7
       7
       7
       7
       6
       9
       7
       8
       4
       6
       1
       5
      12
       4
      10
      11
       6
       8
       3
       6
       6
       4
      10
       7
       7
       8
       6
       4
       9
       8
       8
       8
       8
       3
       5
       7
       8
       9
       9
      11
       7
      10
      10
       7
       7
       5
       7
       4
       7
       6
       4
       4
      15
       7
       5
       3
       6
       9
       4
       6
       5
       7
      11
       5
       4
       6
       6
       5
       5
       7
       4
       9
       3
      11
       4
       3
       9
       7
      10
       7
       3
       6
       6
       3
       9
       4
       5
       3
       8
       7
      11
       7
       7
       8
       8
      10
      13
       6
       6
       4
       8
       7
       8
       9
      10
       5
       8
       7
      11
       8
      17
       7
       4
       6
       2
       5
       5
       8
       6
       6
       4
       4
       6
       2
       4
       9
       9
       9
       5
       8
       6
       7
       8
       7
       6
       6
      10
       8
      10
       7
       8
       7
       7
       6
       8
       7
       8
       6
       0
       0
       0
       0
       0
       0
       0
       0
       0
       0
       0
       0
       0
       0
       0
       0
       0
       0
       0
       0
       0
       0
       0
       0
       0
       0
       0
       0
       0
       0
       0
       0
       0
       0
       0
       0
       0
       0
       0
       0
       0
       0
       0
       0
       0
       0
       0
$ROI:
1
168 181
$PRESETS:
None
0
0
$ENER_FIT:
0.000000 3.991138
$MCA_CAL:
3
0.000000E+000 3.991138E+000 0.000000E+000 keV
$SHAPE_CAL:
3
1.151547E+001 0.000000E+000 0.000000E+000
