$SPEC_ID:
No sample description was entered.
$SPEC_REM:
DET# 1
DETDESC# PRAK01 Easy-MCA-2k SN 15071856
AP# Maestro Version 7.01
$DATE_MEA:
01/21/2002 23:32:40
$MEAS_TIM:
26 26
$DATA:
0 511
       0
       0
       0
       0
       0
       0
       0
       0
       0
       0
       0
       0
       0
       0
       0
       0
       0
       0
       0
       0
       0
       0
       0
       0
       0
       0
       0
       0
       0
       0
       0
       0
       0
       0
       0
       0
       1
       1
      10
      56
      74
      75
      95
      83
      92
      62
      79
      88
      60
      61
      39
      31
      48
      48
      29
      70
      42
      53
      96
     123
     199
     317
     362
     413
     407
     357
     279
     210
     112
      79
      33
      21
      12
       7
       9
      10
      10
       9
       8
       5
       8
       5
       7
       8
      14
       2
      11
       4
       4
       7
       4
       6
       7
       5
      11
       8
       6
       7
       5
       7
       5
       7
       5
       5
       3
       5
       8
       8
       8
       6
       3
       8
       5
       7
       6
       3
       5
       5
       7
       8
       7
       7
       6
       9
      10
       5
       6
       7
       7
       4
       8
       6
      10
       9
      10
       4
       5
       7
       8
       3
       5
      10
      10
       8
       8
       7
       5
       4
       8
       5
       7
       8
       9
       6
       4
       3
       9
       8
       7
       7
       9
       8
       4
       4
       7
       7
       7
      10
       6
       5
       9
      10
       7
       9
       4
       4
       6
       9
      10
       6
       8
       7
       7
       5
       4
      11
      11
      10
       6
       7
       2
      10
       4
       9
       6
       8
       6
       6
       9
       8
       6
       9
       6
       6
       8
       3
       8
      11
       4
       8
      16
      12
       9
      11
       9
       7
      16
      13
      10
       5
       9
       8
      14
       7
       8
      11
       8
       8
      10
      12
       8
      12
       9
       4
      11
       5
       8
       5
       5
      10
       5
      10
       9
       8
      11
      10
       7
       7
       3
       5
      11
      10
       7
       7
       3
      10
      11
       9
       9
       8
       8
       7
      10
       6
       8
       7
       7
      10
       7
       7
       9
       9
       7
       8
       6
       8
       9
       9
       8
       9
       8
       9
       3
      11
       6
       8
      10
       4
      10
       8
       9
       6
       9
       6
       6
       7
      12
       5
       7
      10
      11
       9
       9
      14
       5
       8
       6
       5
       4
       7
       4
       9
       5
       6
       4
       9
       6
       7
       8
       6
       8
       7
      10
       5
       6
       8
       2
       9
       7
       6
       9
       8
       4
       5
       7
       6
      10
       5
       7
       7
       6
       7
       5
       5
       6
       7
       9
       7
       4
       2
       9
       7
      10
       2
       7
      10
       7
       9
       7
       5
       9
      11
       8
       3
       9
       4
       6
       5
       6
      11
       9
       8
       8
      12
       5
       9
       6
       4
       5
      12
       9
       9
       9
       8
       1
       2
       5
       3
       4
       7
       4
      11
       6
       7
      12
       4
       9
       3
       3
       6
       3
       7
       2
       5
       2
       6
       3
      13
       9
       7
       5
       7
       5
       9
       4
       4
       8
       7
       7
       8
       9
       7
       7
       8
       9
       5
       6
      15
       6
       2
       7
       4
       3
       2
       5
       8
       8
       6
       5
       8
       4
       9
       4
       6
       8
       6
       7
       6
       6
       5
       7
       7
      10
       9
       4
      13
       3
       9
      10
       7
       4
       7
       6
       6
       5
       0
       0
       0
       0
       0
       0
       0
       0
       0
       0
       0
       0
       0
       0
       0
       0
       0
       0
       0
       0
       0
       0
       0
       0
       0
       0
       0
       0
       0
       0
       0
       0
       0
       0
       0
       0
       0
       0
       0
       0
       0
       0
       0
       0
       0
       0
       0
$ROI:
1
168 181
$PRESETS:
None
0
0
$ENER_FIT:
0.000000 3.991138
$MCA_CAL:
3
0.000000E+000 3.991138E+000 0.000000E+000 keV
$SHAPE_CAL:
3
1.151547E+001 0.000000E+000 0.000000E+000
