$SPEC_ID:
No sample description was entered.
$SPEC_REM:
DET# 1
DETDESC# NEWTON MCB 338
AP# Maestro Version 6.06
$DATE_MEA:
12/10/2018 10:45:52
$MEAS_TIM:
3393 3395
$DATA:
0 8191
       0
       0
       0
       0
       0
       0
       0
       0
       0
       0
       0
       0
       0
       0
       0
       0
       0
       0
       0
       0
       0
       0
       0
       0
       0
       0
       0
       0
       0
       0
       0
       0
       0
       0
       0
       0
       0
       0
       0
       0
       0
       0
       0
       0
       0
       0
       0
       0
       0
       0
       0
       0
       4
      29
      41
      60
     107
     106
     107
      95
      97
      73
      86
     102
     107
     101
     107
      86
      87
      95
      98
      80
      87
     109
      94
     105
      98
      86
      85
      79
      96
      90
      88
      89
      78
      86
      82
      68
      87
      88
      81
      96
      76
      91
      78
      75
      74
      72
      85
      73
      79
      96
      85
     102
     160
     213
     243
     157
      92
      80
      56
      65
      87
      99
      73
      75
      84
     104
     156
     203
     195
     122
     113
      77
      69
      57
      68
      66
      60
      59
      69
      49
      63
      56
      56
      57
      61
      57
      50
      44
      64
      48
      53
      49
      50
      63
      58
      57
      59
      57
      54
      67
      59
      44
      52
      50
      56
      41
      51
      44
      52
      40
      66
      58
      45
      56
      58
      55
      62
      51
      47
      54
      61
      48
      48
      45
      65
      51
      63
      48
      54
      74
      67
      51
      66
      65
      68
      82
      58
      61
      67
      71
      78
      85
      68
      42
      53
      54
      67
      58
      69
      81
      61
      65
      68
      73
      65
      69
      69
      89
      88
      93
      98
      79
     115
     101
     108
     117
     107
      90
     100
     107
      80
      86
      77
      83
      72
      75
      88
      74
      68
      80
      84
      60
      79
      64
      68
      76
      75
      69
      70
      83
      61
      68
      68
      65
      61
      71
      64
      65
      74
      63
      77
      65
      68
      69
      71
      73
      81
      56
      75
      74
      72
      80
      66
      88
      85
      75
      80
      78
      73
      82
      75
      77
      58
      82
      68
      81
      70
      81
      78
      80
      82
      81
      76
     108
      94
     103
      84
      92
      87
      91
      80
     120
      85
     114
     104
      81
      90
      85
      89
      98
      83
      92
      82
     144
     289
    1122
    3049
    3974
    2417
     705
     196
      91
      54
      70
      55
      69
      80
      51
      60
      53
      53
      64
      62
      65
      70
      40
      67
      67
      60
      59
      50
      44
      55
      62
      55
      52
      44
      55
      46
      70
      51
      55
      62
      57
      50
      59
      59
      48
      58
      47
      57
      69
      55
      54
      61
      66
      51
      50
      72
      52
      59
      71
      61
      60
      52
      55
      65
      58
      69
      63
      64
      71
      65
      68
      73
      69
      81
      78
      75
      90
      78
      83
      70
      85
      68
      88
      73
      74
      63
      70
      50
      72
      70
      86
      51
      69
      53
      59
      64
      57
      57
      58
      66
      42
      55
      59
      61
      60
      59
      64
      56
      58
      64
      48
      73
      47
      46
      55
      65
      62
      56
      61
      59
      56
      49
      62
      71
      48
      63
      50
      47
      35
      54
      63
      53
      61
      51
      40
      55
      55
      55
      63
      70
      65
      42
      51
      47
      65
      48
      44
      58
      69
      50
      55
      84
      45
      61
      64
      55
      55
      49
      66
      49
      56
      60
      55
      64
      59
      57
      59
      47
      54
      51
      47
      65
      62
      55
      56
      63
      59
      61
      49
      65
      56
      62
      45
      53
      53
      52
      54
      58
      58
      66
      58
      55
      56
      54
      47
      47
      70
      50
      56
      46
      53
      51
      65
      50
      48
      42
      45
      54
      62
      49
      57
      41
      62
      54
      65
      51
      42
      59
      43
      51
      47
      45
      71
      47
      47
      46
      53
      39
      48
      48
      52
      39
      55
      59
      52
      40
      50
      44
      41
      52
      47
      51
      57
      41
      49
      42
      54
      44
      53
      30
      44
      47
      45
      35
      35
      40
      51
      46
      43
      44
      43
      40
      34
      61
      54
      44
      41
      39
      38
      46
      34
      48
      51
      40
      36
      35
      43
      48
      46
      35
      46
      47
      38
      34
      39
      47
      34
      52
      34
      35
      32
      34
      32
      35
      41
      41
      33
      39
      32
      33
      20
      46
      36
      36
      39
      35
     102
     237
     517
     598
     473
     211
      73
      31
      37
      37
      41
      33
      39
      34
      32
      23
      22
      20
      30
      38
      23
      39
      23
      32
      29
      21
      30
      30
      28
      25
      27
      26
      29
      26
      23
      28
      29
      31
      38
      31
      27
      22
      31
      32
      21
      30
      26
      27
      21
      27
      24
      23
      19
      25
      28
      22
      26
      30
      29
      21
      25
      32
      21
      28
      29
      21
      22
      19
      45
      28
      27
      26
      24
      28
      27
      20
      34
      26
      30
      29
      33
      18
      20
      29
      19
      27
      25
      26
      17
      24
      20
      24
      27
      18
      24
      38
      22
      18
      22
      13
      27
      22
      27
      31
      27
      30
      23
      20
      18
      23
      31
      18
      24
      15
      15
      27
      16
      31
      20
      24
      26
      28
      21
      19
      18
      19
      24
      28
      26
      44
      43
      39
      33
      20
      23
      15
      18
      12
      25
      17
      22
      18
      23
      24
      14
      33
      21
      20
      24
      31
      17
      18
      26
      24
      20
      17
      23
      30
      16
      25
       9
      12
      20
      33
      26
      17
      15
      17
      21
      24
      25
      24
      16
      24
      27
      22
      18
      24
      21
      21
      28
      21
      16
      18
      24
      23
      18
      21
      18
      15
      16
      21
      26
      19
      24
      25
      21
      15
      24
      21
      22
      27
      25
      25
      28
      18
      20
      25
      23
      16
      19
      18
      18
      25
      28
      30
      19
      13
      12
      17
      29
      12
      21
      16
      27
      28
      20
      21
      18
      20
      21
      15
      18
      20
      17
      26
      19
      27
      20
      12
      11
      18
      19
      22
      30
      37
      66
     215
     591
     981
    1250
    1018
     523
     169
      57
      16
       9
      10
      12
      22
      18
      17
      25
      19
      15
      11
      13
      13
      24
      15
      24
      15
      17
      17
      12
      19
      17
      13
      12
      17
      22
      15
      10
      23
      18
      18
      15
      22
      17
      13
      15
      16
       7
      12
      20
      12
      17
      13
      13
      12
      20
      13
      18
      19
      11
      23
      30
      43
      50
      47
      30
      18
      17
      19
      14
      20
      18
      13
      16
      19
      17
      16
      24
      17
      17
      14
      13
      13
      17
      15
      12
      13
      13
      19
      16
      16
      17
      13
      14
      16
      23
      15
      13
      15
      26
      22
      13
      16
      26
      19
      11
      19
      19
       7
      14
      14
      13
      14
      19
      12
      17
      10
      13
      19
      14
       9
      14
      17
      16
      11
      13
      10
      17
      16
      11
      12
      10
      17
      16
      14
      18
       9
       7
      15
      14
      14
      14
      12
      13
      17
       4
      10
      13
      18
      12
      10
      24
      14
      12
      12
      11
      14
      13
      17
      17
      12
      14
       7
      15
      11
      16
      21
      21
      26
      54
      71
     109
      75
      45
      19
      15
      13
      12
      18
       9
      14
      14
      13
      21
       9
      13
      13
      15
      14
      13
      12
      11
      21
      12
      15
      18
      17
      12
       9
      12
      10
      10
      14
      22
      16
      17
      11
      17
      18
       9
      18
       9
      17
      20
      11
      13
      11
       6
       9
      12
      10
       9
      16
      14
      16
      14
      13
      21
      13
      15
      12
      14
      19
      22
      16
      13
      12
      15
      11
      16
      12
      17
       6
       9
      12
      21
      15
      15
      17
      28
      47
      90
     117
      98
      61
      39
      23
       6
      14
      24
      15
      15
       7
      16
      17
      10
      14
      16
      15
       9
      20
      13
      15
      15
      17
      16
      16
      12
      18
      11
      14
      14
      15
      12
      23
       9
      13
      14
      22
      15
      10
       7
       8
      12
       9
      10
      18
      16
       9
      12
      21
      12
      17
      20
      17
      11
      14
      18
      16
      11
       9
      11
      12
       9
      16
      11
      14
      18
       7
       8
      14
      18
      12
      15
       9
      17
      14
      14
      16
      12
      16
      16
      11
      18
      11
       9
      18
      15
      11
      12
      12
      20
      13
      12
      16
      10
      10
      19
      12
      14
      11
      17
       7
      10
       8
      13
       9
      17
      17
      16
       9
      14
      22
      23
      28
      11
      23
      17
      13
      15
      12
       9
      12
       8
      14
      15
      12
      16
      20
      25
      18
      10
      24
      11
      15
      11
      13
      12
      14
      10
      14
      19
      12
      13
      17
      14
      13
      13
      11
      21
      20
      13
      14
      13
      10
      13
      27
      14
      15
      14
      13
      13
      12
      10
      20
      26
      16
      19
      21
      24
      22
      18
      26
      19
      18
      18
      15
      12
      20
      10
      11
      25
      18
      16
      19
      11
      20
      14
      15
      16
      13
      14
      17
      15
      16
      15
      13
      21
      21
      20
       8
       7
      10
      12
       9
      19
      14
      12
      15
      10
      19
      17
      14
      19
      19
      12
      15
      11
       8
      14
      11
      10
      16
      13
      15
      16
      13
      11
      17
      11
      13
      12
      16
      10
      12
      16
      14
      17
      21
      18
      11
      11
       6
      18
      14
      14
      12
      15
      16
      15
      15
      17
      25
      15
      11
      17
      16
      21
      26
      12
      10
      22
      12
      19
       7
      15
      15
       9
      19
      16
      15
      14
      10
      18
      13
      18
      16
      19
      13
      17
      23
      18
      20
      12
      10
      15
      13
      14
      11
      18
      18
      14
      11
      13
      12
      14
      19
      13
      23
      24
      27
      19
      20
      22
      18
       8
      20
      14
      12
       7
      14
      14
      15
      20
      14
      18
      21
      14
      12
      24
      15
      16
      16
      10
      14
      18
      19
      19
      21
      13
      12
      12
      16
      10
      12
      15
      18
       9
      15
      16
      20
      13
      17
      11
      10
      22
      23
       8
       7
      10
      17
      31
      14
      27
      20
      21
      18
      18
      18
      20
       9
      18
      18
      13
      11
       8
      15
       6
      14
      11
      15
      15
      13
      13
       8
      13
      12
      19
       6
      13
      19
      18
      11
      15
      13
      16
      11
      17
      16
      16
      14
      11
      16
      11
      15
      10
       9
      12
      16
      12
      13
      11
      10
      23
      17
      16
      12
      10
       9
      17
      14
      11
      23
      12
      11
      18
      12
      14
      20
      11
       9
      14
       4
      13
      10
      12
       8
      14
      12
      10
       9
      12
       6
      11
      11
      10
      12
      17
      16
      12
      16
      13
      11
      14
      11
      13
      13
      17
      16
       9
      13
      13
      12
      12
      12
       8
       9
       9
       7
      17
       8
      10
      11
      17
      10
       9
      20
      19
       9
      14
      16
      15
      11
       8
       9
      15
      10
      15
      14
       8
      17
       7
      10
      11
      11
      10
      14
      14
      18
       9
      13
      15
      15
      12
       7
      13
      11
      10
      10
       8
       9
      13
      10
      15
      13
       7
       8
      10
      18
      13
      13
      13
      10
      11
      16
      12
      14
      11
      18
      12
      11
      14
      18
      10
      14
       9
      11
      11
      21
      24
      11
       8
       9
      12
       9
      12
       7
      11
      10
      10
      17
      15
      11
      14
      11
      14
       8
      13
      12
       6
      11
      15
       7
       9
       8
      19
      12
      14
       8
       8
       9
      10
      15
      10
      11
      15
      16
      12
      15
      17
       7
      17
       7
      14
      22
      14
      18
      10
      11
      10
       9
      13
      20
      20
      17
      15
      18
      20
      11
       9
      10
      16
       5
       7
      10
      14
      15
       4
      16
      11
       9
       6
       8
      11
      20
      14
      20
      14
      16
      13
      33
      23
      16
      20
      16
      14
      12
      13
      17
       6
      15
      11
      13
      12
      16
      11
       7
      11
      11
      11
      12
      10
      16
       2
      17
       9
      15
      15
      17
      14
       7
       8
      10
       6
      16
      14
      20
      10
      16
      12
       9
      12
      13
      17
       6
      18
      15
      16
      10
      15
       9
      12
      22
      12
      16
      10
      17
      10
      13
      20
      10
      15
       5
      15
       6
      14
      11
       9
      11
      14
       9
       8
      12
      20
      12
      16
      15
      15
      19
      15
      21
      13
      19
      21
       7
      13
      10
      16
      10
      12
      16
      12
      10
      13
       9
      11
      15
       6
      11
      14
      10
      15
      16
      15
      10
      19
      20
       9
       7
      14
       5
      13
      12
       8
       3
       7
      11
       9
      10
      13
       8
       9
      14
      17
      11
       5
      12
      17
      16
       7
       7
      14
      10
       8
      12
      11
      12
      11
      13
      17
      12
      11
      11
      13
       9
      14
      10
      12
       6
      12
      10
      12
      16
      11
      17
      14
      12
      13
      10
      11
      11
      12
      11
      15
      17
      12
      15
       9
      14
      14
      10
       9
      17
       9
      16
       9
       9
      11
      12
      12
      13
      11
      12
       8
       9
      13
      17
      17
      11
      15
      10
      13
      13
      13
      10
      12
      14
      12
       5
       7
      14
       9
       8
      11
      10
       8
      15
       8
      13
      19
      10
       8
      19
      13
       6
      10
      19
      20
      16
      50
      74
      97
     142
     167
     142
     170
     109
      59
      41
      18
      19
       8
       9
      10
      15
       8
      11
       7
       7
      12
      11
       6
       9
      14
      11
      13
       7
       9
       7
       9
       8
       7
       9
      10
       7
      10
      13
       8
      12
       5
       8
       9
       8
       9
       9
      11
      13
      14
      13
       5
       8
      13
       4
      11
      11
       7
      18
       8
       3
       7
      10
      10
      13
       9
       3
       9
      11
       9
      13
       8
       9
      10
       7
      10
      11
       8
       7
       9
       8
      19
      10
      10
      21
       7
       8
      17
       8
      10
       8
      11
      13
       7
       9
       5
       7
      11
      11
       9
       6
       8
      10
      14
      11
      16
      14
       8
      10
      13
      11
      12
      15
      11
       7
       6
      13
      11
       8
       9
       5
      11
       7
      16
       7
       7
      11
       6
       8
       5
      11
      10
      10
       5
       5
      14
      13
       5
      14
      10
       7
      10
      10
       7
      13
       6
       3
       8
      13
      12
      17
      11
      18
       7
       8
       5
      10
       9
      11
      10
      12
      14
      12
      12
      15
       9
      11
      11
      13
       8
      12
       9
      11
      10
      10
       6
      10
       3
      11
      13
       9
      10
      11
       8
      13
       7
       7
      10
      15
       3
       5
      13
       8
       6
      13
      14
      11
      12
       7
      10
      10
      11
      11
      11
       9
      12
       7
      11
      11
      12
      10
      10
       7
       7
      13
      11
      13
       5
      15
      15
      22
      25
      37
      38
      43
      47
      57
      46
      42
      21
      17
      10
       4
      13
       5
      13
      10
       7
      16
       9
      12
      12
      19
      11
      10
      14
      19
       9
       8
      12
       9
       9
       5
       9
      10
      10
       5
       9
       6
      10
       4
       7
       8
       8
      18
       6
       8
       7
       6
       7
       3
      12
      10
       4
      16
      13
       8
      15
       6
      11
      17
      16
       9
       5
       6
       5
      12
      11
       3
      13
      15
       6
       6
       8
      10
       7
       6
       8
       9
       7
       9
      10
       5
       7
       8
       9
       4
       9
      11
      11
      11
       4
       3
      11
      14
       7
       3
      11
      12
       2
       6
      12
      13
      10
      10
       7
       5
       4
       5
       4
       6
       7
      10
       9
      10
       4
       7
      14
       6
      10
       5
       7
       8
      11
       7
       9
       6
      12
       5
       4
       9
       9
       7
      14
       9
       9
       4
       8
       9
       8
       7
       8
       7
       6
       8
       6
       6
       5
       6
       7
       8
       6
      10
      10
      11
       3
       5
       5
       5
       7
      11
       6
      11
       6
       7
       9
       8
       6
       4
       5
       4
       6
       3
       4
       9
       6
       4
       5
       4
       7
      10
       9
       1
       5
       4
       3
      10
       5
       5
       5
       6
       6
       9
       1
       6
       4
       4
      13
       6
       4
      10
      12
       5
       4
       9
       6
       6
      10
       5
       4
       5
       5
       6
       5
       4
       5
       3
       6
       4
       6
       7
       9
       9
       4
       3
       8
       7
       8
       2
       4
       4
       8
       9
       6
       8
       5
       5
      17
      15
      44
      33
      59
      99
      97
     114
     129
     137
     108
      74
      62
      28
      17
      11
       7
       5
       5
       6
       6
       5
       9
       7
       5
       2
       4
       5
       7
       4
       3
      10
       7
       4
       7
       7
       5
       2
      10
       2
       5
       8
      10
       5
       2
       6
       5
       3
       2
       7
       4
      10
       0
       1
       4
       6
       7
       6
       6
       6
       3
       4
       6
       3
      13
       7
       3
       5
       8
       2
       8
       4
       5
       8
       5
       6
       5
       5
       6
       4
       8
       4
       5
       8
       4
       6
       5
       2
       2
       2
       9
       5
       4
       4
       7
       7
       6
       4
       6
       4
       7
       6
       3
       1
       5
      11
       6
       7
       5
       9
       6
       9
       6
       9
       4
       4
       5
       4
       5
       1
       6
       1
       6
       9
       1
       3
       4
       3
       3
       5
       2
       1
       3
       1
       3
       5
       3
       3
       8
       6
       9
       5
       5
       3
       2
       4
       3
       2
       3
       0
       5
       4
       4
       3
       3
       1
       5
       1
       3
       3
       5
       1
       6
       5
       3
       2
       3
       4
       2
       6
       5
       6
       1
       3
       4
       2
       5
       6
       5
       1
       2
       9
       4
       3
       1
       5
       2
       3
       5
       6
       3
       6
       1
       2
       3
       6
       6
       5
       4
       7
       1
       3
       4
       3
       4
      10
       3
       5
       7
       4
       6
       5
       4
       2
       3
       0
       4
       4
       3
       4
       4
       7
       1
       4
       3
       3
       5
      10
       1
       2
       2
       4
       4
       6
       6
       4
       4
       4
       4
       6
       3
       6
       5
       7
       4
       5
       4
       3
       4
       5
       2
       3
       3
       3
       5
       6
       6
       3
       3
       6
       2
       4
       1
       7
       7
       7
       5
       5
       1
       4
       5
       2
       3
       3
       7
       9
       8
       4
       5
       4
       6
       3
       6
       5
       3
       3
       3
       5
       4
       4
       3
       6
       1
       4
       8
       2
       5
       3
       5
      11
       2
       8
       8
      15
      26
      28
      21
      29
      55
      68
      72
      81
      68
      48
      46
      35
      16
      19
      14
      18
      14
      13
      21
      12
       6
       6
       4
       2
       6
       1
       2
       5
       2
       3
      12
       6
       7
       4
       7
       4
       3
       3
       5
       2
       8
       4
       5
       8
       5
       6
       6
       8
       2
       5
       2
       3
       7
       6
       6
       6
       7
       7
       5
       6
       9
       5
      15
      10
      19
      18
      31
      45
      55
      62
      86
      82
      82
      86
      83
      55
      34
      18
      11
       7
      11
       5
       4
       5
       5
       4
       3
       9
       3
       3
       5
       4
       3
       8
       3
       5
       6
       4
       7
       4
       3
       6
       6
       1
      11
       5
       9
       4
       2
       7
       5
       7
       4
       3
       3
       2
       5
      10
       5
       5
       1
       5
       2
       8
       6
       8
       6
       7
       9
       3
       3
       6
       5
       5
       6
       3
       5
       6
       3
       3
       4
       4
       4
       5
       4
       1
       2
       9
       7
       2
       7
       4
       3
       6
       3
       6
       5
       4
       6
       5
       6
       5
       2
       5
       7
       2
       3
       3
       7
       6
       3
       2
       9
       3
       7
       7
       6
       3
       8
       4
       6
       6
       1
       8
       5
       4
       4
      10
       7
       3
       4
       7
       3
       4
      10
       3
       5
       5
       7
       9
       2
       4
       8
       8
       5
       6
       5
       7
       4
       6
       6
       9
       7
       6
       2
       3
       4
       9
       0
       6
       6
       6
       5
      10
       3
       3
       4
       4
       3
       6
       4
       4
       5
       0
       5
       5
       1
       4
       2
       2
       4
       4
      10
       3
       5
       0
       0
       5
       7
       4
       7
       4
       7
       3
       5
       5
       5
       7
       1
       3
       2
       8
       7
       4
       8
       5
       2
       3
       3
       4
       2
       2
       3
       6
       5
       5
       4
       7
       2
       5
       1
       2
       2
       4
       5
       3
       2
      10
       3
       4
       0
       4
       3
       4
       3
       8
       1
       2
       3
       4
       2
       5
       3
       3
       4
       6
       1
       0
       2
       2
       2
       2
       3
       2
       9
       2
      11
       8
       9
       5
      12
       9
      11
       7
       7
       9
       4
       5
       5
       3
       6
       4
       5
       2
       0
       1
       4
       3
       5
       2
       5
       4
       3
       1
       3
       5
       2
       1
       2
       6
       2
       1
       4
       4
       2
       2
       4
       5
       3
       3
       1
       4
       6
       4
       4
       4
       5
       2
       5
       0
       4
       3
       0
       3
       3
       4
       3
       0
       1
       3
       4
       3
       3
       2
       4
       5
       2
       3
       2
       3
       2
       4
       2
       1
       3
       3
       0
       2
       3
       1
       2
       0
       1
       1
       2
       0
       1
       3
       1
       1
       3
       2
       0
       3
       2
       5
       2
       3
       1
       1
       4
       3
       2
       3
       1
       3
       4
       2
       3
       4
       3
       5
       0
       5
       1
       0
       2
       0
       4
       1
       3
       0
       3
       2
       0
       3
       1
       4
       4
       1
       1
       2
       2
       3
       2
       2
       4
       2
       1
       0
       2
       0
       0
       4
       1
       3
       2
       0
       3
       4
       4
       2
       4
       2
       3
       1
       4
       2
       4
       0
       1
       2
       1
       1
       2
       2
       0
       1
       0
       3
       0
       2
       0
       2
       0
       1
       0
       0
       2
       0
       1
       1
       0
       1
       3
       2
       3
       1
       0
       1
       3
       3
       0
       0
       1
       2
       2
       1
       2
       1
       1
       3
       3
       0
       3
       1
       5
       1
       5
       6
       3
       4
       4
       6
       9
      12
       8
       5
      12
       9
       5
       6
       0
       2
       1
       2
       1
       1
       0
       0
       3
       1
       2
       1
       2
       0
       0
       1
       2
       3
       1
       3
       2
       2
       0
       1
       0
       0
       3
       1
       1
       1
       1
       0
       0
       0
       1
       0
       0
       2
       1
       2
       0
       1
       0
       3
       2
       1
       0
       1
       1
       2
       2
       0
       0
       1
       0
       0
       4
       0
       1
       3
       0
       1
       0
       1
       0
       1
       0
       0
       2
       0
       0
       0
       1
       0
       1
       2
       1
       1
       2
       0
       0
       2
       0
       1
       1
       1
       1
       1
       0
       0
       0
       1
       1
       2
       2
       1
       0
       0
       1
       0
       3
       0
       0
       0
       0
       1
       0
       0
       0
       3
       1
       0
       3
       2
       0
       1
       1
       0
       0
       0
       3
       2
       0
       0
       2
       1
       0
       2
       0
       0
       0
       1
       0
       1
       0
       0
       1
       1
       1
       0
       0
       1
       0
       1
       0
       2
       1
       1
       1
       0
       0
       1
       0
       1
       0
       0
       1
       1
       2
       0
       0
       0
       0
       0
       0
       0
       0
       1
       3
       1
       1
       0
       1
       0
       0
       1
       0
       1
       0
       0
       1
       0
       0
       0
       0
       1
       1
       2
       0
       2
       1
       4
       0
       0
       0
       0
       0
       0
       1
       0
       1
       1
       1
       0
       0
       0
       1
       1
       1
       1
       0
       1
       2
       0
       0
       0
       0
       1
       0
       0
       0
       1
       0
       1
       0
       0
       0
       0
       2
       0
       1
       0
       2
       0
       0
       0
       0
       2
       0
       0
       0
       0
       3
       0
       0
       3
       2
       2
       1
       5
       1
       0
       7
       6
       4
      17
      11
      20
      34
      39
      51
      62
      84
      93
      75
      82
      81
      91
      50
      44
      28
      13
      11
       0
       2
       0
       1
       0
       0
       2
       1
       1
       0
       1
       1
       1
       0
       0
       0
       2
       0
       0
       0
       0
       1
       1
       0
       0
       0
       0
       0
       1
       0
       1
       0
       0
       0
       0
       0
       1
       0
       0
       0
       1
       0
       0
       1
       0
       0
       0
       0
       0
       1
       0
       0
       0
       0
       1
       0
       0
       1
       0
       1
       0
       0
       1
       0
       1
       1
       0
       0
       0
       0
       0
       0
       0
       0
       0
       1
       0
       0
       0
       2
       1
       0
       0
       1
       0
       0
       0
       0
       0
       0
       1
       0
       0
       2
       0
       0
       1
       0
       0
       1
       0
       0
       1
       0
       0
       2
       0
       1
       0
       1
       0
       3
       2
       0
       1
       5
       4
       4
       3
       6
       1
       7
       4
       4
       6
       5
       4
       4
       4
       1
       1
       0
       0
       0
       0
       0
       0
       0
       1
       0
       1
       0
       0
       2
       1
       1
       0
       0
       0
       0
       0
       0
       1
       0
       0
       0
       0
       0
       0
       0
       0
       1
       0
       1
       1
       1
       1
       0
       0
       0
       1
       0
       0
       1
       0
       0
       0
       0
       0
       0
       0
       0
       2
       1
       1
       0
       0
       2
       0
       0
       0
       0
       2
       0
       0
       1
       0
       0
       0
       1
       1
       0
       0
       0
       0
       0
       0
       0
       1
       1
       0
       0
       0
       0
       1
       0
       1
       0
       1
       0
       0
       0
       0
       0
       0
       1
       0
       0
       2
       0
       1
       1
       1
       1
       0
       0
       0
       0
       0
       0
       0
       0
       0
       0
       3
       0
       1
       0
       0
       0
       0
       1
       1
       0
       0
       0
       0
       0
       0
       0
       0
       0
       0
       0
       1
       0
       0
       0
       0
       0
       0
       0
       0
       0
       0
       0
       0
       1
       0
       1
       0
       1
       1
       1
       1
       1
       0
       3
       0
       1
       1
       2
       2
       0
       1
       2
       0
       0
       0
       0
       0
       0
       0
       1
       0
       0
       1
       1
       1
       0
       0
       1
       0
       0
       0
       0
       1
       0
       1
       0
       0
       0
       0
       0
       0
       0
       0
       0
       0
       0
       0
       0
       0
       0
       1
       1
       1
       0
       0
       0
       1
       0
       0
       0
       0
       0
       0
       0
       0
       0
       0
       0
       1
       1
       0
       0
       0
       0
       0
       0
       1
       0
       0
       0
       0
       0
       1
       0
       0
       1
       0
       0
       0
       0
       1
       1
       0
       0
       0
       0
       0
       1
       0
       0
       0
       1
       1
       0
       0
       0
       0
       2
       0
       0
       0
       2
       0
       0
       0
       0
       0
       2
       0
       0
       1
       0
       0
       1
       0
       0
       0
       0
       0
       0
       0
       0
       1
       0
       0
       0
       0
       0
       0
       0
       1
       1
       1
       0
       0
       1
       1
       1
       1
       0
       1
       0
       0
       0
       0
       0
       0
       0
       0
       2
       1
       1
       1
       1
       1
       0
       0
       1
       0
       0
       0
       0
       0
       1
       0
       1
       0
       2
       0
       0
       0
       0
       0
       0
       0
       0
       0
       1
       0
       1
       1
       0
       1
       0
       2
       0
       1
       0
       1
       1
       0
       1
       0
       0
       0
       0
       0
       0
       0
       0
       0
       0
       0
       0
       0
       1
       0
       0
       0
       0
       0
       0
       0
       0
       0
       0
       1
       0
       1
       0
       0
       1
       0
       0
       0
       0
       0
       0
       0
       0
       1
       0
       0
       1
       1
       0
       0
       0
       0
       1
       0
       0
       1
       0
       0
       0
       0
       0
       0
       1
       0
       0
       1
       0
       0
       0
       0
       2
       0
       0
       0
       2
       0
       0
       0
       0
       1
       1
       0
       1
       0
       0
       1
       0
       1
       1
       0
       0
       0
       0
       0
       0
       0
       0
       0
       0
       0
       0
       0
       1
       0
       0
       0
       1
       0
       0
       0
       1
       0
       0
       0
       0
       1
       0
       0
       0
       1
       1
       0
       0
       0
       0
       0
       0
       0
       1
       0
       0
       0
       0
       0
       0
       0
       0
       0
       1
       0
       0
       0
       0
       0
       0
       0
       0
       0
       0
       0
       0
       0
       0
       0
       1
       1
       0
       0
       0
       0
       0
       0
       0
       0
       0
       1
       0
       1
       1
       0
       0
       0
       0
       0
       0
       1
       0
       0
       0
       0
       0
       1
       0
       0
       0
       0
       1
       0
       1
       1
       0
       1
       0
       0
       0
       0
       0
       0
       0
       0
       2
       0
       0
       0
       0
       0
       0
       1
       0
       0
       0
       0
       0
       0
       0
       0
       0
       1
       0
       0
       0
       0
       0
       0
       0
       0
       0
       0
       0
       0
       0
       0
       0
       0
       0
       0
       0
       0
       0
       0
       0
       0
       0
       1
       1
       0
       0
       0
       0
       0
       0
       0
       0
       0
       1
       0
       0
       0
       0
       0
       0
       0
       0
       0
       0
       1
       0
       0
       0
       1
       0
       0
       1
       0
       0
       0
       1
       0
       0
       0
       0
       1
       2
       1
       0
       0
       0
       0
       0
       0
       0
       1
       0
       0
       0
       0
       0
       2
       1
       0
       0
       0
       1
       0
       0
       0
       0
       0
       0
       0
       0
       0
       1
       0
       0
       0
       0
       0
       0
       0
       1
       1
       0
       0
       0
       0
       0
       0
       0
       1
       0
       0
       0
       0
       0
       0
       0
       0
       0
       0
       1
       0
       0
       0
       0
       0
       0
       0
       1
       0
       1
       0
       0
       0
       0
       0
       1
       0
       0
       0
       0
       0
       0
       0
       0
       0
       0
       0
       0
       0
       1
       0
       0
       0
       0
       1
       0
       0
       0
       0
       0
       3
       0
       0
       1
       0
       0
       0
       0
       0
       0
       0
       1
       1
       0
       2
       1
       0
       2
       1
       0
       1
       0
       0
       0
       0
       0
       0
       0
       0
       1
       0
       0
       0
       0
       0
       0
       0
       1
       0
       0
       1
       2
       1
       1
       0
       0
       0
       0
       0
       0
       0
       0
       0
       0
       0
       0
       0
       0
       0
       0
       2
       0
       0
       1
       0
       0
       0
       2
       0
       0
       1
       1
       0
       0
       0
       0
       0
       0
       0
       0
       0
       0
       0
       0
       0
       1
       0
       0
       0
       0
       0
       0
       0
       0
       1
       0
       1
       0
       0
       0
       0
       0
       0
       0
       0
       0
       1
       1
       0
       0
       0
       0
       0
       0
       0
       0
       0
       0
       0
       0
       0
       0
       0
       0
       0
       0
       0
       2
       0
       0
       0
       0
       0
       0
       0
       0
       0
       0
       0
       0
       0
       0
       1
       0
       1
       0
       0
       1
       0
       0
       0
       0
       0
       0
       0
       0
       0
       0
       0
       0
       0
       0
       0
       0
       0
       0
       0
       0
       0
       0
       0
       1
       0
       1
       0
       1
       0
       0
       0
       2
       1
       0
       0
       0
       0
       1
       0
       0
       0
       0
       0
       1
       0
       1
       1
       1
       1
       0
       1
       0
       1
       0
       0
       0
       1
       0
       0
       0
       0
       0
       0
       0
       1
       0
       0
       0
       0
       0
       0
       0
       0
       2
       0
       0
       0
       0
       0
       0
       0
       0
       0
       0
       1
       0
       0
       0
       0
       0
       0
       0
       0
       1
       0
       0
       0
       0
       1
       0
       0
       1
       0
       0
       0
       0
       1
       0
       0
       0
       0
       0
       0
       0
       0
       0
       0
       0
       0
       0
       0
       0
       0
       0
       0
       1
       0
       0
       0
       1
       0
       0
       1
       0
       0
       1
       0
       0
       0
       0
       0
       0
       0
       0
       0
       0
       0
       0
       0
       0
       0
       0
       0
       0
       0
       0
       1
       0
       0
       0
       0
       0
       0
       0
       0
       0
       0
       0
       0
       0
       0
       0
       0
       0
       1
       0
       0
       0
       0
       0
       0
       1
       0
       0
       1
       1
       0
       0
       0
       0
       0
       0
       0
       1
       0
       0
       0
       0
       0
       1
       0
       0
       0
       0
       1
       1
       0
       0
       0
       0
       0
       0
       1
       0
       0
       1
       0
       0
       0
       1
       0
       0
       0
       0
       0
       0
       0
       0
       0
       0
       0
       0
       0
       0
       0
       0
       0
       0
       0
       0
       1
       0
       0
       0
       0
       0
       0
       0
       0
       0
       1
       0
       1
       0
       1
       0
       0
       1
       0
       0
       0
       1
       0
       0
       1
       0
       0
       0
       0
       3
       0
       0
       0
       0
       0
       0
       0
       0
       0
       0
       0
       0
       1
       1
       0
       0
       0
       0
       0
       0
       1
       0
       0
       0
       1
       0
       0
       1
       1
       0
       0
       0
       0
       0
       0
       0
       0
       0
       0
       0
       0
       2
       0
       0
       1
       0
       0
       0
       0
       0
       0
       0
       1
       0
       0
       0
       0
       0
       0
       1
       0
       1
       0
       0
       0
       0
       0
       0
       0
       0
       0
       0
       0
       0
       0
       0
       1
       0
       0
       0
       0
       0
       0
       0
       0
       0
       0
       1
       1
       0
       0
       0
       1
       0
       0
       0
       0
       0
       0
       0
       0
       0
       0
       0
       0
       0
       0
       0
       0
       1
       0
       0
       0
       1
       0
       0
       0
       0
       0
       0
       0
       0
       1
       0
       0
       0
       0
       0
       0
       1
       1
       0
       0
       2
       0
       0
       1
       0
       1
       0
       0
       0
       0
       0
       1
       0
       0
       0
       0
       0
       0
       0
       0
       0
       0
       0
       0
       0
       0
       0
       0
       0
       1
       0
       0
       0
       0
       0
       0
       1
       0
       0
       0
       0
       0
       1
       0
       0
       0
       0
       0
       0
       1
       0
       0
       0
       0
       0
       1
       0
       0
       1
       0
       0
       0
       0
       0
       0
       0
       0
       0
       0
       0
       0
       0
       0
       0
       0
       0
       0
       0
       0
       0
       0
       0
       0
       0
       0
       0
       1
       0
       0
       0
       0
       0
       0
       0
       0
       0
       0
       0
       0
       0
       0
       0
       0
       0
       0
       0
       1
       0
       0
       0
       1
       0
       0
       0
       0
       0
       0
       0
       0
       0
       0
       0
       0
       0
       0
       0
       0
       0
       0
       0
       0
       0
       0
       0
       0
       0
       1
       0
       1
       0
       0
       0
       1
       0
       0
       0
       0
       0
       0
       0
       0
       0
       0
       0
       0
       0
       0
       0
       0
       0
       0
       0
       0
       0
       0
       0
       1
       0
       1
       0
       0
       0
       1
       0
       0
       0
       0
       1
       0
       0
       0
       0
       0
       0
       1
       0
       0
       0
       0
       0
       0
       0
       0
       0
       0
       0
       0
       0
       0
       0
       0
       0
       0
       0
       0
       0
       0
       0
       0
       0
       0
       1
       0
       0
       0
       0
       0
       0
       0
       0
       0
       0
       0
       0
       0
       1
       0
       0
       0
       0
       0
       0
       0
       0
       0
       0
       0
       0
       0
       0
       1
       0
       0
       0
       1
       0
       0
       0
       0
       1
       0
       0
       0
       0
       0
       0
       1
       0
       0
       0
       0
       0
       0
       0
       1
       0
       0
       0
       0
       0
       0
       0
       0
       0
       0
       0
       0
       0
       0
       1
       0
       0
       0
       0
       0
       0
       0
       0
       1
       0
       0
       0
       0
       0
       0
       0
       0
       0
       0
       0
       0
       0
       0
       0
       0
       0
       1
       0
       0
       1
       0
       1
       0
       1
       0
       0
       0
       0
       0
       0
       0
       0
       0
       0
       0
       0
       0
       0
       0
       0
       0
       0
       0
       0
       0
       0
       0
       0
       0
       0
       1
       0
       0
       0
       0
       0
       0
       0
       0
       0
       0
       0
       0
       0
       0
       0
       0
       0
       0
       0
       0
       0
       0
       0
       0
       0
       0
       0
       0
       0
       0
       0
       0
       0
       1
       0
       1
       0
       0
       0
       0
       0
       0
       0
       0
       0
       0
       0
       0
       0
       1
       0
       1
       0
       1
       0
       0
       0
       0
       1
       0
       0
       0
       0
       0
       0
       0
       0
       0
       0
       0
       0
       0
       0
       0
       0
       0
       0
       0
       0
       0
       0
       0
       0
       0
       0
       0
       1
       0
       0
       0
       0
       0
       0
       0
       0
       0
       2
       0
       0
       0
       0
       0
       0
       0
       0
       0
       0
       0
       0
       0
       0
       0
       1
       0
       0
       0
       0
       0
       0
       0
       1
       0
       0
       0
       0
       0
       1
       0
       0
       0
       0
       0
       0
       0
       0
       0
       0
       0
       0
       0
       0
       0
       0
       0
       0
       1
       0
       0
       0
       0
       0
       0
       0
       0
       0
       0
       0
       0
       0
       0
       0
       0
       0
       0
       0
       0
       0
       0
       0
       0
       0
       0
       1
       0
       1
       0
       0
       0
       0
       0
       0
       0
       0
       1
       0
       0
       0
       0
       0
       0
       0
       0
       0
       0
       0
       0
       0
       0
       0
       0
       0
       1
       0
       0
       0
       0
       0
       0
       0
       0
       0
       0
       0
       1
       0
       2
       0
       0
       1
       0
       0
       0
       0
       0
       0
       0
       0
       0
       1
       0
       1
       0
       0
       0
       1
       0
       0
       0
       0
       0
       0
       0
       0
       0
       0
       0
       0
       0
       1
       0
       0
       1
       0
       0
       0
       0
       0
       1
       0
       0
       0
       0
       0
       0
       0
       0
       0
       0
       0
       1
       1
       0
       0
       1
       0
       1
       0
       0
       0
       0
       0
       0
       0
       0
       0
       0
       0
       0
       0
       0
       0
       0
       0
       0
       0
       1
       0
       0
       0
       0
       0
       0
       0
       0
       0
       0
       1
       0
       0
       0
       0
       0
       1
       0
       1
       0
       0
       0
       0
       0
       0
       0
       0
       0
       0
       0
       1
       0
       0
       0
       0
       0
       0
       0
       0
       0
       0
       0
       0
       2
       0
       0
       0
       0
       0
       1
       0
       0
       0
       0
       1
       0
       0
       0
       0
       0
       0
       0
       0
       1
       0
       0
       0
       0
       0
       0
       0
       0
       0
       0
       0
       0
       0
       0
       1
       0
       0
       0
       0
       0
       1
       0
       0
       0
       0
       0
       0
       0
       0
       0
       0
       0
       0
       1
       0
       0
       0
       1
       0
       0
       0
       0
       0
       0
       0
       0
       0
       0
       0
       0
       0
       0
       0
       2
       0
       0
       0
       0
       0
       0
       0
       0
       0
       0
       0
       0
       0
       0
       0
       0
       0
       0
       0
       0
       0
       0
       1
       0
       0
       0
       0
       0
       0
       0
       0
       0
       0
       1
       0
       0
       0
       0
       0
       0
       0
       0
       0
       0
       0
       0
       0
       0
       1
       0
       0
       0
       0
       0
       0
       0
       0
       1
       0
       0
       1
       0
       0
       0
       0
       0
       0
       1
       0
       0
       0
       0
       0
       0
       0
       0
       1
       0
       0
       0
       0
       0
       0
       0
       1
       0
       0
       0
       0
       0
       0
       0
       1
       0
       0
       1
       0
       0
       0
       0
       0
       0
       0
       0
       0
       0
       0
       0
       0
       0
       0
       0
       0
       0
       0
       0
       0
       0
       0
       1
       0
       0
       0
       0
       0
       0
       0
       0
       0
       1
       1
       0
       0
       0
       0
       0
       0
       0
       0
       0
       0
       1
       0
       0
       0
       0
       0
       0
       1
       0
       0
       0
       0
       0
       0
       0
       0
       0
       0
       0
       0
       0
       0
       0
       0
       0
       0
       0
       0
       0
       0
       0
       0
       0
       0
       0
       0
       0
       0
       1
       0
       0
       0
       0
       0
       0
       0
       1
       0
       0
       1
       0
       0
       0
       1
       0
       1
       0
       0
       0
       0
       0
       0
       0
       1
       0
       0
       0
       1
       0
       0
       0
       0
       0
       0
       0
       0
       0
       0
       0
       0
       0
       0
       0
       0
       0
       0
       0
       0
       0
       0
       0
       0
       0
       0
       0
       0
       0
       0
       0
       0
       0
       0
       0
       0
       0
       1
       1
       0
       0
       0
       1
       0
       0
       0
       0
       0
       0
       0
       1
       0
       0
       0
       0
       0
       1
       0
       0
       0
       0
       0
       0
       0
       0
       0
       0
       0
       0
       0
       0
       0
       0
       0
       0
       0
       0
       0
       0
       0
       0
       0
       0
       0
       0
       0
       0
       0
       0
       0
       0
       0
       0
       0
       0
       0
       0
       0
       0
       1
       0
       0
       0
       1
       0
       0
       0
       0
       0
       0
       0
       0
       0
       0
       0
       0
       0
       0
       0
       1
       0
       0
       0
       0
       1
       0
       0
       0
       0
       0
       0
       1
       0
       0
       0
       0
       0
       0
       0
       0
       0
       0
       0
       0
       1
       0
       0
       0
       0
       0
       0
       0
       0
       0
       0
       0
       0
       0
       0
       0
       0
       0
       0
       0
       0
       0
       0
       0
       0
       0
       0
       0
       0
       0
       0
       0
       0
       0
       0
       1
       0
       0
       0
       0
       0
       0
       0
       0
       0
       0
       0
       0
       0
       0
       0
       1
       0
       0
       0
       1
       0
       1
       0
       0
       0
       0
       0
       0
       0
       0
       0
       0
       0
       0
       0
       0
       0
       0
       1
       0
       0
       0
       0
       0
       0
       0
       0
       0
       0
       0
       0
       0
       0
       0
       0
       0
       0
       1
       0
       0
       0
       0
       0
       0
       0
       0
       0
       0
       0
       0
       0
       0
       0
       1
       0
       0
       0
       0
       0
       0
       0
       0
       0
       0
       0
       0
       0
       0
       0
       0
       0
       0
       0
       0
       0
       0
       0
       0
       0
       0
       0
       0
       0
       0
       0
       0
       0
       0
       0
       0
       0
       0
       0
       0
       0
       0
       0
       0
       0
       0
       0
       0
       0
       0
       0
       0
       0
       0
       0
       0
       0
       0
       1
       0
       0
       0
       0
       0
       0
       0
       0
       0
       0
       0
       0
       0
       1
       0
       0
       0
       0
       0
       0
       0
       0
       0
       0
       0
       0
       0
       0
       0
       0
       0
       0
       0
       0
       0
       0
       0
       0
       0
       0
       0
       1
       0
       1
       0
       0
       0
       0
       0
       0
       0
       0
       0
       0
       0
       0
       0
       0
       0
       0
       0
       0
       0
       0
       0
       0
       1
       0
       0
       0
       0
       0
       0
       0
       1
       0
       0
       1
       0
       0
       0
       0
       0
       0
       0
       0
       0
       0
       0
       1
       0
       0
       0
       1
       0
       0
       0
       0
       0
       0
       0
       0
       0
       0
       0
       0
       0
       0
       0
       0
       0
       0
       0
       0
       0
       0
       0
       0
       0
       0
       0
       0
       0
       0
       0
       0
       0
       0
       0
       0
       0
       0
       0
       0
       0
       0
       0
       0
       0
       0
       0
       0
       0
       0
       0
       0
       0
       0
       0
       0
       0
       0
       0
       0
       0
       0
       0
       0
       0
       0
       0
       0
       0
       0
       0
       1
       0
       0
       0
       0
       0
       0
       0
       0
       0
       0
       0
       0
       0
       0
       0
       0
       0
       0
       0
       0
       0
       0
       0
       0
       0
       0
       0
       0
       0
       0
       0
       0
       0
       0
       0
       0
       0
       0
       0
       0
       0
       0
       0
       0
       0
       0
       0
       0
       0
       0
       0
       0
       0
       0
       0
       0
       0
       0
       0
       0
       0
       0
       0
       1
       0
       0
       0
       0
       0
       0
       0
       0
       0
       0
       0
       0
       0
       0
       0
       0
       0
       0
       0
       0
       0
       0
       0
       0
       0
       0
       0
       0
       0
       0
       0
       0
       0
       0
       0
       0
       0
       0
       0
       0
       0
       0
       0
       0
       1
       0
       0
       0
       0
       0
       0
       0
       0
       0
       0
       0
       0
       0
       1
       0
       1
       0
       1
       1
       0
       0
       0
       0
       0
       0
       0
       0
       0
       1
       0
       1
       0
       0
       0
       0
       0
       0
       0
       0
       0
       0
       0
       0
       0
       0
       0
       0
       0
       0
       0
       0
       0
       0
       0
       0
       0
       0
       0
       0
       0
       0
       0
       0
       0
       0
       0
       0
       0
       0
       0
       0
       0
       0
       0
       0
       0
       0
       0
       0
       0
       0
       0
       0
       0
       0
       0
       0
       0
       0
       0
       0
       0
       0
       0
       0
       0
       0
       0
       0
       0
       0
       0
       0
       0
       0
       0
       0
       0
       0
       0
       0
       0
       0
       0
       0
       0
       0
       0
       0
       0
       0
       0
       0
       0
       0
       0
       0
       0
       0
       0
       0
       0
       0
       0
       0
       0
       0
       0
       0
       0
       0
       0
       0
       0
       0
       0
       0
       0
       0
       0
       0
       0
       1
       0
       0
       0
       0
       0
       0
       0
       0
       0
       0
       0
       0
       0
       0
       0
       0
       0
       0
       0
       0
       0
       0
       0
       1
       0
       0
       0
       0
       0
       0
       0
       0
       0
       0
       0
       0
       0
       0
       0
       1
       0
       0
       0
       1
       0
       0
       0
       0
       0
       0
       0
       0
       0
       0
       0
       0
       0
       0
       0
       0
       0
       0
       0
       0
       0
       0
       0
       0
       0
       0
       0
       0
       0
       0
       0
       0
       0
       0
       0
       0
       0
       0
       0
       0
       0
       0
       0
       0
       0
       0
       0
       0
       0
       0
       0
       0
       0
       0
       0
       0
       0
       0
       0
       0
       0
       0
       0
       0
       0
       0
       0
       0
       0
       0
       0
       0
       0
       0
       0
       0
       0
       0
       0
       0
       0
       0
       0
       0
       0
       0
       0
       1
       0
       0
       0
       0
       0
       0
       0
       0
       0
       0
       0
       0
       0
       0
       0
       0
       0
       0
       0
       0
       0
       0
       0
       0
       0
       0
       0
       0
       0
       0
       0
       0
       0
       0
       0
       0
       0
       0
       0
       1
       0
       0
       0
       0
       0
       0
       0
       0
       0
       0
       0
       0
       0
       0
       0
       0
       0
       0
       0
       0
       0
       0
       0
       0
       0
       0
       0
       0
       0
       0
       0
       0
       0
       0
       0
       0
       1
       0
       0
       0
       0
       0
       0
       0
       0
       0
       0
       1
       0
       0
       0
       0
       0
       0
       0
       0
       0
       1
       0
       0
       0
       0
       0
       0
       0
       0
       0
       0
       0
       0
       0
       0
       0
       0
       0
       0
       0
       0
       0
       0
       0
       0
       0
       0
       0
       0
       0
       1
       1
       0
       0
       0
       0
       0
       0
       0
       0
       0
       0
       0
       1
       0
       0
       0
       0
       0
       0
       0
       0
       0
       0
       0
       0
       0
       0
       0
       0
       0
       0
       0
       0
       0
       0
       0
       0
       0
       0
       0
       0
       0
       0
       0
       0
       0
       0
       0
       0
       0
       0
       0
       0
       0
       0
       0
       0
       0
       0
       0
       0
       0
       0
       0
       0
       0
       0
       0
       0
       0
       1
       0
       0
       0
       0
       0
       0
       0
       0
       0
       0
       0
       0
       0
       0
       0
       1
       0
       0
       0
       0
       0
       0
       0
       0
       0
       0
       0
       0
       0
       0
       0
       0
       0
       0
       0
       0
       0
       0
       0
       1
       0
       0
       0
       0
       0
       0
       1
       0
       0
       0
       0
       0
       0
       0
       0
       0
       0
       0
       0
       0
       0
       0
       0
       0
       0
       0
       0
       0
       0
       0
       0
       0
       0
       0
       0
       0
       0
       0
       0
       0
       0
       1
       0
       0
       0
       0
       0
       0
       0
       0
       0
       0
       0
       0
       0
       0
       0
       0
       0
       0
       0
       0
       0
       0
       0
       0
       0
       0
       0
       0
       0
       0
       0
       0
       0
       0
       0
       0
       0
       0
       0
       0
       1
       0
       0
       0
       0
       0
       0
       0
       0
       0
       0
       1
       0
       0
       0
       0
       0
       0
       0
       0
       0
       0
       0
       0
       0
       0
       0
       0
       0
       0
       0
       0
       0
       0
       0
       0
       0
       0
       0
       0
       0
       0
       0
       0
       0
       0
       0
       0
       0
       0
       0
       0
       0
       0
       0
       0
       0
       0
       0
       0
       0
       0
       0
       0
       0
       0
       0
       0
       0
       0
       0
       0
       0
       0
       1
       0
       0
       0
       0
       1
       0
       1
       0
       0
       0
       0
       0
       0
       0
       0
       0
       0
       0
       0
       0
       0
       0
       0
       0
       0
       0
       0
       0
       1
       0
       0
       0
       0
       0
       0
       0
       0
       0
       0
       0
       0
       0
       0
       0
       0
       0
       0
       0
       0
       0
       0
       0
       0
       0
       0
       0
       0
       0
       0
       0
       0
       0
       0
       0
       0
       0
       0
       0
       0
       0
       0
       0
       0
       0
       0
       0
       0
       0
       0
       0
       0
       0
       0
       0
       0
       0
       0
       0
       0
       1
       0
       0
       0
       0
       0
       0
       0
       0
       0
       0
       0
       0
       0
       0
       0
       0
       0
       0
       0
       0
       0
       0
       0
       0
       0
       0
       0
       0
       0
       0
       0
       0
       0
       0
       0
       0
       0
       0
       0
       0
       0
       0
       0
       0
       0
       0
       0
       0
       0
       0
       0
       0
       0
       0
       0
       0
       0
       0
       0
       0
       0
       0
       0
       0
       0
       0
       0
       0
       0
       0
       0
       0
       0
       0
       0
       0
       0
       0
       0
       0
       0
       0
       0
       0
       0
       0
       0
       0
       0
       0
       0
       0
       1
       0
       0
       0
       0
       0
       0
       1
       0
       0
       0
       0
       0
       0
       0
       0
       0
       0
       0
       0
       0
       0
       0
       0
       0
       0
       0
       0
       0
       0
       0
       0
       0
       0
       0
       0
       0
       0
       0
       0
       0
       0
       0
       0
       0
       0
       0
       1
       0
       0
       0
       0
       0
       0
       0
       0
       0
       0
       0
       0
       0
       0
       0
       0
       0
       0
       0
       0
       0
       0
       0
       0
       0
       0
       0
       0
       0
       0
       0
       0
       0
       0
       0
       0
       0
       0
       0
       0
       0
       0
       0
       0
       0
       0
       0
       0
       0
       0
       0
       0
       0
       0
       0
       0
       0
       0
       0
       0
       0
       0
       0
       0
       0
       0
       0
       0
       0
       0
       0
       0
       0
       0
       0
       0
       0
       0
       0
       0
       0
       0
       0
       0
       0
       0
       0
       0
       0
       0
       0
       0
       0
       0
       0
       0
       0
       0
       0
       0
       0
       0
       0
       0
       0
       0
       0
       0
       0
       0
       0
       0
       0
       1
       0
       0
       0
       0
       0
       0
       0
       0
       0
       0
       0
       0
       0
       0
       0
       0
       0
       0
       0
       1
       0
       0
       0
       0
       0
       0
       0
       0
       0
       0
       0
       0
       0
       0
       0
       0
       0
       0
       0
       0
       0
       0
       0
       0
       0
       0
       0
       0
       0
       0
       0
       0
       0
       0
       0
       0
       0
       0
       0
       0
       0
       0
       0
       0
       0
       0
       0
       0
       0
       0
       0
       0
       0
       0
       0
       0
       0
       0
       0
       0
       0
       0
       0
       0
       0
       0
       0
       1
       0
       0
       0
       0
       0
       0
       0
       0
       0
       0
       0
       0
       0
       0
       0
       0
       0
       1
       1
       0
       0
       0
       0
       0
       0
       0
       0
       0
       0
       0
       0
       0
       0
       0
       0
       0
       0
       0
       0
       0
       0
       0
       0
       0
       0
       0
       0
       0
       0
       0
       0
       0
       0
       0
       0
       0
       0
       0
       0
       0
       0
       0
       0
       0
       0
       0
       0
       0
       0
       0
       0
       0
       0
       0
       0
       0
       0
       0
       0
       0
       0
       0
       0
       0
       0
       0
       0
       0
       0
       0
       0
       0
       0
       0
       0
       0
       0
       0
       0
       0
       0
       1
       0
       0
       0
       0
       0
       0
       0
       1
       0
       0
       0
       0
       0
       0
       0
       0
       0
       0
       0
       0
       0
       0
       0
       0
       0
       0
       0
       0
       0
       0
       0
       0
       0
       0
       0
       0
       0
       0
       0
       0
       0
       0
       0
       0
       0
       0
       0
       0
       0
       0
       0
       0
       0
       0
       0
       0
       0
       0
       0
       0
       0
       0
       0
       0
       0
       0
       0
       0
       0
       1
       0
       0
       0
       0
       0
       0
       0
       0
       0
       0
       0
       0
       0
       0
       0
       0
       0
       0
       0
       0
       0
       0
       0
       0
       0
       0
       0
       0
       0
       0
       0
       0
       0
       0
       0
       0
       0
       0
       0
       0
       0
       0
       0
       0
       0
       0
       0
       0
       0
       0
       0
       0
       0
       0
       0
       0
       0
       0
       0
       0
       0
       0
       0
       0
       0
       0
       0
       0
       0
       0
       0
       0
       0
       0
       0
       0
       0
       0
       0
       0
       0
       0
       0
       0
       0
       0
       0
       0
       0
       0
       0
       0
       0
       0
       0
       0
       0
       0
       0
       0
       0
       0
       0
       0
       0
       0
       0
       0
       0
       0
       0
       0
       0
       0
       0
       0
       0
       0
       0
       0
       0
       0
       0
       0
       0
       0
       0
       0
       0
       0
       0
       0
       0
       0
       0
       0
       0
       0
       0
       0
       0
       0
       1
       0
       0
       0
       0
       0
       0
       0
       1
       0
       0
       0
       0
       0
       0
       0
       0
       0
       1
       0
       0
       0
       0
       0
       0
       0
       0
       0
       0
       0
       0
       0
       0
       0
       0
       0
       0
       0
       0
       0
       0
       0
       0
       1
       0
       0
       0
       0
       0
       0
       0
       0
       0
       0
       0
       0
       0
       0
       0
       0
       0
       0
       0
       0
       0
       0
       0
       0
       0
       0
       0
       0
       0
       0
       0
       0
       0
       0
       0
       0
       0
       0
       0
       0
       0
       0
       0
       0
       0
       0
       0
       0
       0
       0
       0
       0
       0
       0
       0
       0
       0
       0
       0
       0
       0
       0
       0
       0
       0
       0
       0
       2
       1
       0
       0
       0
       0
       2
       1
       2
       0
       2
       2
       0
       2
       1
       1
       0
       0
       1
       1
       0
       1
       3
       1
       0
       1
       0
       1
       0
       0
       0
       2
       0
       1
       0
       1
       2
       1
       0
       1
       1
       1
       0
       0
       2
       0
       0
       2
       0
       0
       2
       1
       0
       1
       0
       0
       1
       1
       0
       0
       0
       0
       0
       0
       1
       1
       0
       0
       0
       0
       0
       0
       0
       1
       1
       1
       0
       0
       1
       0
       1
       1
       0
       1
       1
       1
       0
       1
       1
       0
       1
       1
       2
       0
       0
       1
       1
       0
       0
       1
       2
       0
       0
       0
       0
       0
       0
       1
       1
       0
       0
       1
       0
       0
       1
       0
       1
       1
       0
       0
       1
       0
       1
       0
       1
       1
       0
       0
       0
       0
       0
       1
       1
       0
       1
       1
       1
       2
       0
       1
       0
       1
       1
       2
       1
       0
       1
       0
       0
       0
       1
       0
       0
       2
       1
       0
       2
       0
       2
       0
       0
       2
       0
       1
       0
       0
       1
       0
       0
       0
       0
       0
       0
       0
       0
       2
       0
       0
       1
$ROI:
0
$PRESETS:
None
0
0
$ENER_FIT:
0.000000 0.374432
$MCA_CAL:
3
0.000000E+000 3.744323E-001 0.000000E+000 keV
$SHAPE_CAL:
3
6.617742E+000 0.000000E+000 0.000000E+000
