$SPEC_ID:
No sample description was entered.
$SPEC_REM:
DET# 1
DETDESC# NEWTON MCB 338
AP# Maestro Version 6.06
$DATE_MEA:
12/10/2018 12:35:09
$MEAS_TIM:
4281 4282
$DATA:
0 8191
       0
       0
       0
       0
       0
       0
       0
       0
       0
       0
       0
       0
       0
       0
       0
       0
       0
       0
       0
       0
       0
       0
       0
       0
       0
       0
       0
       0
       0
       0
       0
       0
       0
       0
       0
       0
       0
       0
       0
       0
       0
       0
       0
       0
       0
       0
       0
       0
       0
       0
       0
       0
       3
      22
      51
      50
     111
      90
     126
     119
     124
     101
     110
     103
      92
     104
      95
      92
      82
      88
     103
     108
      83
     105
      89
      99
      92
      99
      98
      61
      89
      82
      95
     104
      92
      88
      99
      91
     101
      90
     102
      83
      94
      98
     108
      94
      71
      99
      94
      86
      89
      83
      89
      66
      81
      76
      88
      94
      75
      88
      81
      78
      68
      83
      81
      94
      81
      65
      75
      58
      65
      79
      69
      61
      65
      88
      77
      67
      67
      73
      79
      74
      82
      81
      76
      84
      86
      84
     139
     141
      81
      77
      72
      63
      58
      71
      78
      75
      77
      77
      91
      69
      60
      66
      69
      82
      80
      77
      81
     112
      87
     103
     103
     111
      89
     100
      89
     101
      97
      91
      93
      83
     116
      98
      88
      86
      80
      90
      94
      86
      93
      90
      75
      82
      99
      87
      84
     100
     114
     101
      90
     105
     119
     125
     107
     108
      98
     108
     123
     127
     126
     121
     156
     282
     438
     470
    1308
    3272
    3706
    1755
     397
      93
      63
      50
      61
      51
      47
      78
      84
      72
      53
      61
      64
      72
      61
      55
      54
      50
      51
      46
      57
      57
      53
      46
      53
      59
      61
      70
      67
      52
      53
      59
      50
      64
      56
      59
      45
      69
      59
      59
      62
      63
      56
      61
      60
      73
      68
      68
      54
      58
      55
      53
      63
      72
      74
      63
      70
      48
      54
      77
      63
      60
      61
      71
      65
      48
      68
      68
      72
      73
      60
      69
      71
      61
      45
      59
      69
      76
      74
      69
      73
      63
      75
      51
      73
      61
      72
      71
      59
      68
      66
      48
      74
      75
      55
      65
      65
      78
      62
      69
      63
      67
      53
      80
      68
      78
      88
      72
      57
      77
      80
      85
      66
      65
      80
      72
      56
      81
      76
      79
      72
      67
      85
      89
      80
      72
      87
      75
      77
      71
      83
      87
      80
      75
      99
      98
      77
     110
      90
      96
      99
      99
      79
     104
     101
     122
      95
      95
     120
      86
      85
     104
      96
     110
      92
     130
     100
      98
      99
     110
      87
      89
     101
      82
     112
     116
     128
     102
     117
     121
     122
     119
     105
     135
     133
     131
     117
     117
     133
     120
     131
     117
     123
     116
     112
     117
     125
     102
      99
     108
     113
     116
     109
     106
     127
     174
     157
     128
     100
      93
      88
      89
      81
      92
      80
      84
      85
      89
      74
      90
      68
      84
      63
      70
      76
      88
      85
      70
      77
      85
      77
      85
      72
      84
      71
      64
      93
      70
      65
      78
      85
      64
      73
      57
      54
      73
      62
      79
      77
      53
      73
      65
      58
      70
      62
      59
      65
      53
      55
      65
      78
      69
      76
      53
      69
      64
      73
      84
      73
      79
      64
      75
      77
      70
      60
      61
      49
      66
      65
      65
      57
      62
      55
      72
      69
      63
      55
      60
      65
      64
      79
      64
      69
      59
      71
      54
      63
      56
      60
      61
      49
      55
      54
      58
      65
      58
      63
      68
      65
      71
      57
      69
      49
      47
      68
      55
      47
      55
      56
      57
      46
      41
      54
      47
      47
      51
      49
      43
      49
      42
      47
      53
      37
      43
      45
      44
      41
      40
      55
      36
      37
      44
      36
      40
      52
      29
      43
      42
      45
      37
      30
      42
      44
      31
      34
      39
      27
      30
      31
      50
      56
      78
      56
      39
      29
      31
      27
      28
      33
      44
      34
      31
      35
      38
      37
      30
      32
      46
      33
      27
      20
      37
      32
      29
      33
      31
      25
      28
      24
      23
      26
      34
      33
      29
      31
      32
      24
      35
      29
      33
      24
      37
      25
      32
      30
      24
      27
      27
      34
      27
      25
      32
      17
      27
      26
      33
      24
      33
      34
      20
      24
      34
      24
      19
      23
      28
      18
      19
      23
      26
      19
      24
      29
      27
      20
      22
      27
      16
      17
      28
      25
      22
      18
      20
      20
      22
      23
      24
      25
      19
      30
      27
      23
      24
      19
      23
      17
      23
      20
      17
      15
      25
      16
      19
      17
      17
      19
      18
      26
      20
      22
      25
      23
      12
      21
      28
      27
      25
      18
      18
      19
      15
      31
      21
      25
      15
      24
      21
      18
      39
      95
     236
     436
     433
     291
     101
      35
      19
      24
      16
      14
      23
      19
      17
      13
      10
      20
      16
      20
      15
      20
      12
      17
      14
      13
      15
       9
      17
      11
      14
      18
      14
      16
       6
      20
      16
      17
      15
      13
      15
      15
       8
      16
      12
      20
      19
      21
      20
      15
      10
      22
      13
      20
      16
      11
      19
      13
      13
      16
      15
      23
       9
      15
      24
      31
      91
     291
     754
     972
     855
     469
     135
      46
      11
       8
      15
      19
      12
      15
      12
      11
      18
      10
      10
      14
      16
      21
      14
       7
      18
       6
      14
      12
      12
      13
      15
      15
       7
      10
       9
      16
      10
      13
       9
      11
       9
      10
      10
      12
      10
      13
      13
       6
      13
       8
      15
      15
      10
      12
      13
      14
       6
      13
      11
      13
      13
       5
      13
      12
      11
      12
       6
      16
      12
      11
      14
      12
       7
      10
      11
      11
      12
      15
      11
      10
       6
       9
      14
      12
      14
      12
      12
       9
      11
      12
      11
      19
       8
      13
      13
      12
       9
       6
      12
       8
       9
      12
       4
      15
      10
       7
      14
      15
       7
      12
      12
      11
       9
      15
      15
      12
       8
       7
      13
       9
      14
      13
      16
      12
      13
      11
       9
      15
       9
      17
      35
      92
     362
    1057
    2112
    2693
    2380
    1217
     419
      83
      14
       9
       7
       4
       2
       2
       5
       4
       5
       7
       3
       5
       5
       2
       1
       5
       4
       2
       3
       2
       4
       3
       6
       4
       2
       1
       9
       3
      10
       1
       6
       4
       5
       2
       6
       6
       5
       2
       4
       3
       6
       7
       1
       3
       2
       3
       3
       3
       4
       1
       6
       5
       3
       1
       4
       5
       3
       4
       5
       7
      24
      52
     135
     275
     319
     312
     162
      64
      14
       3
       3
       2
       4
       2
       1
       3
       4
       3
       1
       2
       3
       7
       1
       1
       0
       2
       5
       3
       3
       5
       2
       2
       5
       3
       2
       5
       1
       3
       1
       2
       2
       3
       5
       5
       1
       3
       5
       6
       1
       2
       2
       4
       2
       4
       5
       4
       1
       3
       2
       2
       4
       5
       2
       2
       2
       5
       3
       1
       5
       1
       2
       2
       3
       5
       5
       4
       2
       2
       6
       2
       2
       2
       2
       4
       1
       4
       2
       3
       4
       1
       1
       2
       1
       1
       2
       5
       3
       6
       2
       2
       2
       2
       2
       5
       1
       3
       1
       3
       0
       1
       1
       2
       0
       3
       3
       3
       2
       3
       5
       2
       4
       0
       3
       3
       6
       6
       4
       0
       1
       4
       4
       5
       0
       5
       5
       6
       9
       6
       0
       3
       3
       1
       2
       4
       4
       1
       5
       3
       0
       2
       1
       1
       4
       3
       2
       6
       2
       5
       2
       1
       3
       6
       3
       0
       3
       0
       3
       2
       2
       2
       4
       4
       2
       2
       5
       3
       4
       4
       4
       4
       0
       3
       1
       1
       4
       3
       1
       1
       3
       2
       2
       3
       0
       4
       6
       3
       1
       2
       0
       4
       0
       2
       3
       1
       0
       4
       3
       3
       3
       2
       1
       0
       3
       4
       1
       2
       2
       1
       3
       2
       4
       6
       2
       1
       5
       2
       1
       3
       0
       2
       2
       2
       1
       4
       3
       1
       2
       4
       6
       2
       2
       6
       4
       5
       3
       1
       1
       5
       4
       6
       6
       3
       1
       1
       4
       4
       2
       1
       0
       3
       2
       0
       3
       2
       0
       0
       4
       5
       2
       3
       4
       1
       0
       1
       0
       2
       0
       2
       2
       1
       2
       2
       2
       0
       4
       2
       3
       3
       3
       2
       3
       4
       1
       2
       1
       6
       3
       2
       3
       1
       2
       0
       3
       2
       2
       1
       4
       1
       4
       2
       4
       1
       1
       5
       3
       4
       3
      12
       5
       7
       6
       4
       4
       4
       6
       5
       4
       3
       2
       2
       2
       3
       3
       3
       2
       2
       4
       1
       1
       3
       1
       0
       0
       1
       0
       6
       5
       1
       2
       1
       1
       5
       3
       1
       2
       1
       1
       2
       3
       0
       3
       1
       2
       2
       2
       3
       0
       4
       4
       2
       2
       2
       2
       1
       1
       1
       1
       0
       1
       3
       1
       2
       0
       2
       1
       2
       1
       1
       2
       1
       2
       3
       0
       3
       1
       2
       2
       3
       2
       4
       3
       1
       3
       1
       2
       1
       4
       2
       2
       1
       1
       1
       3
       2
       1
       1
       1
       2
       6
       1
       1
       3
       2
       3
       1
       1
       2
       0
       2
       3
       1
       1
       3
       1
       2
       1
       0
       1
       2
       1
       2
       0
       2
       2
       1
       1
       0
       0
       2
       2
       1
       1
       3
       0
       1
       1
       1
       0
       4
       5
       1
       4
       1
       1
       2
       6
       3
       4
       4
       0
       2
       0
       1
       3
       1
       1
       1
       1
       4
       2
       3
       4
       0
       1
       0
       1
       3
       1
       2
       3
       1
       1
       4
       1
       1
       1
       3
       3
       3
       3
       4
       2
       1
       1
       2
       1
       5
       1
       2
       2
       4
       0
       1
       2
       1
       2
       3
       3
       3
       2
       2
       1
       6
       5
       1
       3
       4
       1
       1
       2
       2
       4
       0
       1
       1
       2
       2
       4
       1
       1
       1
       0
       0
       1
       1
       2
       3
       3
       1
       1
       4
       1
       1
       0
       0
       3
       1
       1
       1
       3
       1
       2
       1
       4
       4
       2
       2
       3
       4
       1
       3
       2
       4
       3
       1
       3
       1
       2
       0
       1
       3
       2
       2
       4
       2
       5
       0
       2
       3
       1
       3
       2
       2
       1
       1
       1
       2
       1
       4
       3
       1
       1
       2
       0
       0
       1
       2
       2
       1
       2
       0
       0
       3
       1
       3
       0
       0
       3
       1
       2
       2
       5
       0
       1
       4
       0
       1
       0
       2
       0
       2
       4
       2
       1
       1
       1
       1
       2
       0
       4
       1
       0
       1
       2
       0
       2
       2
       1
       1
       0
       3
       1
       2
       1
       0
       5
       0
       1
       3
       1
       1
       4
       0
       0
       0
       5
       2
       2
       1
       2
       0
       2
       3
       3
       3
       3
       4
       1
       1
       2
       2
       3
       3
       1
       1
       3
       2
       3
       2
       0
       1
       1
       4
       4
       4
       5
       1
       3
       3
       0
       2
       0
       0
       4
       0
       3
       2
       3
       1
       0
       3
       1
       2
       1
       2
       0
       1
       2
       2
       4
       1
       0
       1
       2
       2
       2
       0
       3
       1
       0
       3
       1
       1
       4
       3
       4
       2
       1
       1
       2
       1
       1
       0
       0
       0
       3
       0
       1
       2
       1
       0
       2
       1
       1
       2
       0
       2
       3
       1
       1
       3
       4
       1
       1
       0
       3
       0
       0
       1
       2
       1
       3
       1
       1
       2
       0
       1
       0
       0
       1
       0
       1
       1
       2
       3
       2
       2
       2
       0
       1
       2
       2
       1
       2
       1
       0
       2
       0
       1
       1
       1
       4
       1
       0
       5
       2
       0
       2
       3
       0
       0
       2
       4
       3
       1
       1
       2
       2
       3
       2
       2
       1
       2
       1
       4
       2
       1
       3
       0
       1
       3
       1
       0
       1
       1
       2
       1
       0
       2
       2
       3
       1
       4
       1
       1
       3
       1
       2
       3
       2
       1
       3
       0
       0
       4
       2
       2
       2
       3
       2
       0
       1
       5
       2
       1
       1
       1
       0
       2
       1
       1
       0
       4
       1
       1
       1
       2
       0
       0
       0
       1
       0
       1
       3
       2
       4
       0
       5
       1
       1
       1
       1
       1
       0
       2
       0
       1
       2
       1
       1
       1
       0
       1
       2
       2
       2
       0
       2
       1
       1
       5
       1
       3
       4
       0
       1
       1
       1
       2
       2
       3
       0
       0
       1
       1
       2
       3
       2
       3
       2
       3
       0
       2
       3
       1
       4
       2
       1
       0
       0
       2
       1
       4
       2
       3
       1
       0
       0
       2
       0
       3
       0
       0
       3
       1
       0
       2
       0
       0
       1
       0
       1
       1
       1
       1
       1
       0
       0
       3
       0
       1
       3
       1
       0
       3
       3
       4
       0
       1
       0
       1
       2
       1
       1
       3
       0
       0
       1
       0
       2
       2
       1
       3
       2
       0
       2
       2
       1
       2
       0
       1
       3
       0
       1
       3
       1
       1
       4
       1
       2
       3
       1
       0
       0
       1
       1
       1
       0
       1
       1
       2
       1
       2
       4
       0
       1
       2
       2
       0
       0
       2
       5
       0
       1
       1
       1
       3
       1
       0
       2
       1
       0
       1
       3
       0
       1
       2
       0
       2
       0
       2
       4
       1
       0
       0
       2
       2
       2
       2
       4
       1
       2
       0
       3
       0
       2
       0
       1
       1
       1
       1
       0
       1
       1
       1
       1
       0
       3
       1
       0
       2
       2
       1
       0
       2
       1
       0
       1
       1
       1
       1
       1
       1
       4
       3
       0
       1
       0
       1
       1
       2
       1
       3
       2
       2
       1
       0
       3
       0
       1
       1
       0
       2
       2
       2
       1
       2
       1
       2
       1
       4
       3
       2
       2
       1
       1
       1
       0
       0
       0
       1
       1
       1
       0
       1
       2
       1
       1
       2
       1
       1
       0
       1
       1
       1
       2
       3
       2
       3
       1
       1
       4
       2
       2
       0
       2
       0
       0
       0
       1
       2
       0
       1
       3
       2
       2
       4
       1
       1
       0
       1
       1
       0
       3
       0
       1
       2
       0
       0
       0
       1
       2
       1
       0
       1
       0
       0
       1
       3
       2
       0
       0
       0
       0
       0
       2
       1
       4
       3
       1
       0
       1
       2
       2
       1
       1
       1
       0
       1
       1
       1
       3
       3
       0
       1
       0
       3
       0
       3
       1
       1
       2
       3
       1
       1
       3
       1
       1
       0
       0
       0
       2
       0
       3
       0
       1
       2
       1
       1
       2
       0
       4
       3
       0
       4
       1
       0
       1
       1
       3
       1
       0
       3
       0
       1
       1
       0
       1
       4
       2
       4
       0
       1
       1
       0
       0
       0
       1
       1
       1
       2
       1
       0
       0
       0
       0
       0
       1
       0
       0
       4
       1
       5
       3
       2
       0
       0
       1
       2
       6
       3
       1
       0
       3
       0
       0
       1
       2
       3
       1
       1
       1
       1
       2
       0
       0
       1
       1
       2
       2
       0
       1
       1
       2
       1
       5
       0
       1
       0
       2
       0
       0
       0
       1
       0
       1
       0
       0
       2
       1
       2
       2
       0
       0
       3
       1
       1
       1
       1
       2
       0
       1
       0
       2
       2
       0
       1
       2
       0
       1
       0
       2
       0
       1
       4
       0
       2
       2
       2
       0
       0
       0
       1
       1
       0
       0
       1
       0
       0
       0
       2
       1
       0
       1
       0
       0
       0
       2
       2
       0
       1
       0
       0
       1
       1
       3
       1
       1
       1
       2
       1
       0
       2
       0
       1
       3
       1
       2
       2
       0
       1
       1
       0
       0
       1
       3
       0
       0
       1
       1
       1
       0
       1
       2
       1
       1
       1
       3
       0
       2
       0
       2
       0
       1
       0
       1
       0
       2
       0
       2
       2
       0
       1
       3
       1
       1
       2
       0
       0
       1
       0
       2
       1
       3
       0
       1
       0
       0
       0
       2
       0
       1
       1
       2
       3
       1
       1
       2
       2
       1
       0
       1
       0
       1
       0
       0
       2
       1
       0
       0
       1
       1
       1
       1
       0
       2
       1
       1
       0
       1
       2
       0
       0
       0
       0
       0
       0
       1
       1
       0
       1
       2
       0
       0
       0
       0
       2
       2
       1
       2
       1
       1
       4
       1
       0
       1
       1
       3
       1
       1
       2
       1
       1
       0
       0
       0
       1
       1
       1
       2
       0
       2
       0
       3
       0
       1
       1
       1
       1
       1
       0
       0
       2
       0
       0
       0
       2
       0
       1
       2
       0
       3
       1
       0
       1
       2
       0
       0
       0
       1
       0
       2
       0
       2
       0
       1
       1
       3
       2
       0
       0
       0
       1
       1
       1
       0
       0
       0
       1
       4
       0
       1
       2
       5
       4
       0
       0
       0
       1
       1
       0
       0
       0
       1
       0
       2
       1
       0
       4
       2
       1
       0
       0
       1
       3
       0
       3
       0
       1
       1
       2
       2
       0
       1
       3
       0
       1
       3
       0
       2
       1
       1
       1
       2
       0
       1
       0
       0
       0
       0
       0
       1
       1
       1
       0
       2
       0
       0
       1
       0
       0
       0
       3
       1
       0
       0
       2
       1
       1
       1
       2
       2
       0
       2
       0
       3
       0
       4
       2
       2
       0
       0
       1
       1
       2
       2
       0
       1
       0
       2
       0
       0
       1
       0
       1
       3
       1
       0
       1
       0
       1
       3
       1
       1
       3
       1
       2
       0
       2
       0
       2
       0
       1
       2
       1
       1
       0
       0
       2
       2
       1
       0
       0
       0
       0
       1
       1
       1
       0
       3
       0
       1
       0
       1
       1
       1
       1
       0
       1
       2
       0
       1
       0
       0
       0
       1
       1
       1
       2
       0
       0
       0
       2
       1
       1
       0
       1
       1
       1
       0
       1
       0
       0
       1
       0
       2
       1
       1
       2
       1
       0
       1
       0
       1
       1
       0
       1
       0
       0
       0
       0
       1
       0
       0
       1
       0
       0
       0
       2
       0
       1
       1
       0
       0
       0
       3
       2
       0
       1
       0
       1
       0
       2
       2
       0
       0
       0
       0
       1
       0
       1
       0
       1
       1
       0
       0
       1
       1
       0
       0
       0
       1
       1
       0
       1
       0
       0
       0
       1
       2
       1
       0
       1
       3
       1
       1
       0
       2
       4
       0
       2
       0
       0
       2
       3
       1
       0
       0
       1
       0
       0
       0
       2
       0
       0
       0
       0
       1
       0
       3
       2
       2
       2
       2
       2
       2
       0
       2
       0
       1
       1
       2
       0
       0
       0
       1
       1
       2
       1
       2
       0
       1
       0
       1
       1
       1
       1
       0
       0
       1
       0
       1
       1
       2
       0
       1
       0
       2
       0
       1
       0
       1
       0
       0
       0
       1
       0
       1
       3
       1
       0
       1
       0
       2
       1
       1
       0
       1
       1
       1
       0
       1
       1
       0
       0
       3
       0
       0
       1
       0
       0
       0
       1
       0
       0
       0
       0
       1
       2
       0
       2
       0
       1
       3
       1
       1
       1
       1
       0
       1
       0
       4
       1
       0
       3
       1
       2
       0
       1
       1
       0
       0
       2
       0
       3
       1
       0
       0
       0
       3
       3
       0
       0
       2
       2
       0
       2
       1
       0
       1
       0
       1
       1
       0
       1
       0
       0
       0
       1
       4
       1
       0
       1
       1
       0
       1
       0
       1
       1
       0
       0
       1
       0
       0
       0
       1
       1
       1
       3
       0
       1
       1
       2
       2
       0
       0
       1
       2
       2
       2
       1
       1
       2
       0
       1
       1
       1
       0
       0
       1
       0
       0
       1
       0
       1
       1
       1
       0
       0
       0
       0
       0
       1
       2
       0
       1
       2
       1
       0
       1
       0
       0
       1
       1
       1
       1
       0
       1
       1
       0
       2
       0
       0
       2
       0
       2
       2
       1
       2
       0
       1
       1
       0
       2
       0
       1
       1
       3
       1
       2
       0
       0
       0
       0
       0
       0
       0
       2
       2
       2
       0
       3
       1
       0
       1
       0
       0
       1
       1
       3
       2
       1
       2
       1
       0
       2
       1
       0
       1
       0
       0
       0
       2
       1
       1
       0
       0
       0
       0
       0
       0
       2
       1
       1
       0
       1
       0
       0
       1
       0
       1
       0
       1
       0
       2
       0
       0
       0
       0
       0
       1
       0
       1
       2
       1
       1
       1
       0
       3
       3
       0
       1
       2
       3
       0
       1
       2
       0
       1
       0
       1
       0
       2
       1
       0
       0
       2
       1
       0
       2
       1
       1
       0
       0
       1
       0
       0
       0
       0
       0
       0
       1
       0
       0
       1
       1
       2
       1
       0
       0
       0
       0
       0
       1
       1
       2
       0
       0
       0
       0
       0
       0
       0
       1
       0
       1
       0
       4
       1
       1
       0
       0
       0
       0
       0
       0
       1
       1
       2
       0
       0
       1
       1
       0
       1
       0
       0
       0
       2
       1
       0
       0
       4
       1
       0
       0
       0
       1
       0
       1
       2
       1
       2
       0
       0
       0
       0
       2
       1
       1
       1
       0
       1
       0
       0
       2
       2
       0
       0
       0
       1
       0
       1
       0
       1
       0
       0
       0
       0
       0
       0
       1
       2
       2
       0
       1
       0
       0
       0
       0
       1
       0
       0
       1
       1
       0
       2
       0
       0
       1
       1
       0
       0
       1
       0
       0
       0
       1
       2
       1
       0
       0
       1
       2
       0
       1
       1
       1
       0
       1
       0
       0
       2
       1
       1
       0
       2
       1
       0
       0
       0
       0
       0
       1
       0
       1
       1
       1
       0
       1
       0
       2
       0
       0
       1
       0
       0
       0
       0
       0
       1
       1
       1
       0
       0
       1
       0
       0
       0
       1
       1
       0
       0
       1
       0
       0
       1
       0
       0
       1
       2
       0
       2
       0
       1
       1
       0
       0
       0
       1
       0
       1
       0
       2
       1
       3
       0
       0
       0
       0
       0
       0
       0
       0
       1
       0
       0
       0
       0
       0
       0
       0
       0
       0
       1
       0
       0
       0
       1
       2
       0
       1
       0
       1
       0
       0
       1
       0
       0
       1
       0
       0
       0
       0
       0
       1
       1
       0
       2
       0
       1
       0
       0
       0
       0
       1
       1
       0
       2
       0
       0
       0
       0
       0
       0
       0
       1
       1
       0
       1
       1
       0
       0
       0
       0
       1
       0
       0
       1
       0
       0
       1
       1
       0
       0
       0
       0
       0
       0
       1
       4
       0
       2
       0
       0
       0
       1
       0
       0
       1
       1
       1
       1
       1
       0
       4
       0
       0
       0
       1
       0
       0
       0
       3
       2
       1
       0
       1
       1
       0
       0
       1
       0
       0
       2
       0
       0
       0
       4
       1
       0
       0
       1
       1
       2
       0
       1
       1
       0
       0
       1
       1
       2
       0
       1
       0
       0
       1
       0
       0
       0
       2
       1
       0
       0
       1
       0
       0
       1
       0
       0
       0
       0
       0
       0
       0
       0
       0
       3
       0
       0
       0
       1
       0
       1
       2
       0
       1
       0
       0
       0
       0
       0
       2
       0
       1
       1
       1
       0
       1
       1
       0
       1
       0
       0
       0
       1
       0
       0
       2
       1
       2
       1
       1
       0
       2
       2
       2
       1
       1
       0
       1
       2
       0
       1
       0
       0
       0
       0
       0
       1
       2
       0
       0
       1
       0
       0
       0
       0
       0
       0
       1
       0
       1
       0
       0
       0
       0
       0
       1
       0
       1
       0
       0
       0
       0
       0
       1
       0
       0
       2
       0
       4
       0
       0
       0
       0
       0
       0
       0
       1
       1
       0
       1
       0
       0
       0
       0
       1
       1
       2
       2
       1
       0
       0
       0
       0
       0
       0
       0
       0
       3
       0
       1
       0
       0
       0
       0
       0
       0
       0
       3
       0
       0
       1
       0
       0
       1
       0
       0
       0
       1
       0
       0
       0
       0
       1
       0
       0
       2
       0
       0
       1
       0
       0
       1
       0
       0
       0
       0
       0
       1
       1
       3
       0
       1
       2
       0
       0
       4
       3
       0
       2
       1
       5
       5
       1
       5
       4
       8
       3
       4
       2
       1
       2
       0
       0
       1
       0
       0
       2
       0
       0
       1
       0
       0
       0
       0
       1
       0
       0
       0
       1
       0
       0
       0
       0
       1
       0
       1
       0
       0
       1
       1
       0
       0
       0
       0
       2
       1
       0
       0
       0
       0
       0
       0
       0
       0
       0
       0
       0
       0
       0
       0
       1
       0
       0
       0
       0
       0
       0
       0
       0
       0
       1
       0
       0
       0
       0
       1
       0
       0
       1
       0
       1
       1
       0
       1
       0
       0
       0
       0
       1
       0
       0
       0
       0
       1
       0
       0
       0
       0
       0
       0
       0
       1
       1
       1
       0
       0
       0
       0
       1
       1
       0
       0
       2
       0
       0
       1
       0
       0
       2
       0
       1
       0
       0
       1
       1
       0
       0
       0
       0
       0
       0
       0
       0
       0
       0
       0
       0
       0
       1
       2
       0
       0
       2
       0
       0
       0
       0
       2
       0
       0
       0
       2
       0
       1
       0
       0
       2
       1
       0
       0
       1
       0
       1
       1
       0
       0
       0
       1
       0
       1
       2
       0
       0
       0
       0
       0
       0
       1
       1
       0
       0
       0
       0
       0
       0
       0
       1
       0
       0
       2
       0
       1
       0
       0
       0
       0
       1
       0
       0
       0
       0
       1
       0
       1
       1
       0
       0
       1
       0
       0
       1
       0
       0
       0
       0
       0
       1
       0
       0
       0
       0
       0
       0
       1
       1
       0
       0
       0
       0
       0
       0
       1
       0
       0
       0
       0
       1
       0
       0
       0
       0
       0
       0
       0
       2
       1
       1
       0
       0
       0
       0
       0
       1
       0
       1
       0
       1
       1
       0
       0
       1
       0
       1
       0
       0
       0
       0
       1
       0
       0
       0
       0
       0
       0
       0
       0
       0
       0
       0
       0
       0
       0
       1
       0
       0
       2
       0
       0
       1
       0
       0
       1
       0
       0
       0
       0
       1
       0
       0
       0
       0
       0
       0
       0
       0
       0
       0
       1
       0
       1
       2
       1
       0
       2
       0
       0
       0
       0
       1
       0
       0
       0
       0
       0
       0
       1
       0
       0
       0
       0
       0
       0
       2
       0
       0
       0
       0
       0
       0
       1
       0
       0
       1
       0
       0
       1
       1
       0
       0
       0
       0
       0
       2
       1
       0
       1
       2
       0
       0
       0
       0
       0
       0
       0
       1
       0
       1
       0
       0
       0
       0
       0
       0
       1
       0
       0
       0
       1
       0
       0
       0
       1
       0
       0
       0
       0
       0
       0
       0
       0
       0
       0
       0
       0
       0
       1
       0
       2
       0
       0
       0
       1
       2
       0
       1
       0
       0
       3
       0
       0
       1
       0
       0
       0
       0
       1
       0
       0
       0
       0
       0
       0
       1
       1
       0
       0
       0
       0
       0
       0
       1
       0
       1
       0
       1
       0
       0
       0
       0
       0
       0
       0
       0
       1
       0
       0
       1
       1
       0
       0
       0
       1
       0
       0
       1
       0
       1
       0
       0
       0
       0
       0
       0
       0
       0
       0
       0
       0
       0
       0
       0
       0
       0
       0
       0
       0
       0
       1
       0
       0
       0
       0
       0
       0
       0
       0
       0
       1
       0
       1
       0
       1
       0
       0
       0
       0
       0
       0
       0
       0
       1
       0
       0
       0
       1
       0
       0
       1
       0
       0
       1
       0
       0
       0
       1
       0
       0
       0
       0
       0
       0
       0
       0
       0
       0
       0
       0
       0
       0
       0
       0
       0
       1
       0
       0
       1
       0
       0
       0
       0
       0
       0
       0
       0
       1
       0
       0
       0
       1
       0
       0
       0
       2
       0
       0
       0
       0
       0
       0
       0
       0
       0
       0
       1
       1
       0
       0
       0
       0
       0
       0
       0
       0
       0
       1
       0
       0
       0
       0
       1
       1
       0
       0
       0
       0
       0
       0
       0
       0
       0
       0
       0
       0
       1
       1
       1
       0
       0
       0
       0
       0
       0
       1
       0
       0
       0
       0
       0
       0
       0
       0
       0
       0
       0
       0
       0
       0
       0
       0
       0
       0
       1
       0
       0
       1
       0
       1
       0
       0
       1
       1
       2
       0
       0
       0
       0
       0
       0
       0
       0
       0
       0
       0
       0
       2
       0
       0
       0
       0
       0
       0
       0
       0
       0
       0
       0
       0
       0
       0
       0
       0
       0
       0
       0
       0
       0
       0
       1
       0
       0
       0
       2
       1
       2
       0
       1
       0
       0
       0
       0
       0
       0
       1
       2
       0
       0
       0
       0
       0
       0
       0
       0
       0
       0
       0
       1
       0
       0
       0
       0
       0
       1
       0
       1
       0
       0
       0
       0
       0
       0
       0
       0
       0
       0
       1
       0
       0
       0
       0
       0
       0
       1
       0
       1
       0
       0
       1
       0
       0
       0
       0
       0
       1
       0
       0
       0
       0
       1
       1
       0
       0
       0
       0
       0
       0
       0
       0
       0
       0
       0
       0
       1
       0
       0
       1
       0
       3
       0
       4
       2
       2
       6
       1
       0
       2
       0
       0
       0
       0
       0
       0
       1
       0
       0
       1
       1
       0
       0
       0
       0
       0
       0
       0
       0
       0
       0
       0
       0
       0
       0
       0
       0
       0
       0
       0
       0
       0
       0
       0
       0
       0
       0
       0
       1
       1
       0
       0
       0
       0
       1
       1
       1
       0
       0
       0
       1
       1
       0
       0
       0
       0
       0
       0
       0
       0
       0
       0
       0
       0
       0
       0
       0
       0
       1
       0
       1
       1
       0
       0
       1
       0
       0
       0
       0
       0
       0
       0
       1
       0
       1
       0
       0
       0
       0
       0
       1
       0
       0
       0
       0
       1
       0
       0
       0
       0
       1
       0
       0
       0
       0
       0
       0
       0
       0
       0
       0
       0
       0
       1
       0
       0
       0
       0
       1
       0
       0
       0
       0
       0
       0
       0
       0
       0
       0
       0
       0
       0
       0
       0
       0
       0
       0
       0
       0
       0
       0
       0
       1
       0
       0
       1
       0
       0
       0
       0
       0
       0
       0
       0
       0
       1
       0
       1
       0
       0
       0
       0
       1
       0
       1
       1
       0
       0
       0
       0
       0
       0
       0
       0
       0
       0
       1
       1
       0
       1
       0
       0
       0
       0
       1
       0
       0
       1
       0
       0
       0
       0
       1
       1
       0
       0
       2
       1
       0
       0
       0
       0
       0
       1
       0
       0
       0
       0
       0
       0
       0
       0
       0
       1
       0
       0
       0
       0
       1
       0
       0
       0
       0
       0
       0
       0
       0
       0
       0
       0
       1
       0
       0
       0
       0
       0
       0
       0
       1
       0
       0
       0
       0
       0
       0
       0
       0
       1
       2
       1
       1
       0
       0
       0
       2
       0
       0
       0
       0
       0
       1
       0
       1
       0
       0
       0
       1
       0
       0
       0
       0
       0
       0
       0
       0
       0
       1
       0
       0
       0
       1
       0
       0
       0
       1
       0
       0
       0
       0
       0
       0
       0
       1
       0
       0
       0
       0
       0
       0
       0
       0
       0
       0
       0
       1
       0
       1
       0
       1
       1
       0
       0
       0
       0
       1
       0
       0
       0
       0
       0
       0
       0
       0
       0
       0
       0
       0
       0
       0
       0
       0
       0
       0
       0
       0
       0
       0
       0
       0
       0
       0
       0
       0
       0
       0
       0
       0
       1
       1
       0
       1
       0
       0
       0
       0
       1
       1
       0
       0
       0
       0
       0
       0
       0
       0
       0
       0
       0
       0
       0
       0
       0
       1
       0
       0
       0
       0
       0
       0
       0
       0
       0
       0
       1
       0
       0
       0
       0
       0
       1
       0
       1
       0
       0
       0
       0
       0
       1
       0
       0
       1
       0
       0
       0
       0
       0
       0
       0
       0
       0
       1
       0
       1
       0
       0
       0
       0
       0
       0
       0
       0
       1
       0
       1
       1
       0
       0
       1
       0
       0
       0
       0
       0
       0
       0
       0
       0
       0
       0
       0
       0
       0
       0
       0
       0
       0
       0
       0
       0
       0
       0
       0
       0
       0
       1
       0
       0
       0
       0
       0
       0
       0
       0
       1
       0
       0
       0
       0
       0
       0
       0
       0
       0
       0
       0
       0
       0
       0
       0
       0
       2
       0
       0
       0
       1
       0
       0
       0
       0
       0
       0
       0
       0
       0
       1
       0
       0
       0
       0
       0
       0
       0
       0
       0
       0
       0
       0
       0
       1
       0
       0
       0
       0
       0
       0
       0
       0
       0
       0
       0
       0
       0
       1
       1
       0
       0
       0
       0
       1
       0
       0
       0
       0
       0
       0
       1
       0
       0
       0
       1
       0
       0
       0
       0
       1
       0
       0
       0
       0
       0
       0
       0
       0
       0
       0
       0
       0
       0
       0
       0
       0
       0
       1
       0
       0
       1
       0
       0
       0
       0
       0
       0
       0
       0
       0
       0
       0
       0
       0
       0
       0
       1
       0
       0
       0
       0
       0
       0
       0
       1
       0
       0
       0
       0
       0
       0
       0
       1
       0
       0
       0
       0
       0
       0
       0
       0
       0
       0
       0
       0
       2
       0
       1
       0
       0
       0
       0
       0
       0
       0
       0
       0
       0
       0
       0
       0
       0
       0
       0
       0
       0
       0
       0
       0
       0
       0
       0
       0
       0
       0
       1
       0
       0
       1
       0
       0
       0
       0
       0
       0
       0
       0
       0
       0
       0
       0
       0
       0
       0
       0
       0
       0
       1
       0
       0
       0
       0
       1
       0
       0
       0
       0
       0
       1
       0
       0
       0
       1
       0
       0
       0
       0
       0
       0
       0
       0
       0
       1
       0
       0
       0
       0
       0
       0
       0
       0
       0
       0
       0
       0
       1
       0
       1
       1
       0
       0
       0
       0
       0
       1
       1
       0
       0
       0
       0
       0
       1
       0
       0
       0
       0
       0
       0
       0
       1
       1
       0
       0
       1
       0
       0
       0
       0
       0
       1
       0
       0
       0
       0
       0
       0
       0
       0
       0
       0
       0
       0
       0
       0
       0
       0
       0
       0
       1
       1
       0
       0
       0
       0
       0
       0
       0
       0
       2
       0
       0
       0
       0
       0
       0
       0
       0
       0
       1
       0
       0
       0
       0
       0
       0
       0
       1
       0
       0
       0
       0
       0
       0
       0
       0
       0
       0
       0
       0
       0
       0
       0
       0
       1
       0
       0
       1
       0
       0
       0
       0
       1
       0
       0
       0
       0
       0
       0
       0
       0
       1
       0
       0
       0
       0
       0
       0
       0
       0
       1
       0
       0
       0
       0
       0
       0
       0
       0
       0
       0
       1
       1
       0
       0
       1
       0
       0
       0
       0
       0
       0
       0
       1
       0
       0
       0
       0
       0
       0
       0
       0
       0
       0
       0
       0
       1
       0
       0
       0
       0
       0
       1
       0
       1
       0
       0
       0
       0
       0
       0
       0
       1
       0
       0
       2
       0
       0
       0
       0
       1
       0
       0
       0
       0
       0
       0
       0
       0
       0
       0
       0
       0
       0
       1
       1
       0
       0
       0
       0
       0
       0
       0
       0
       1
       0
       0
       0
       0
       1
       0
       0
       0
       1
       0
       0
       0
       0
       0
       1
       0
       0
       0
       0
       0
       0
       0
       0
       1
       0
       0
       0
       0
       0
       0
       0
       0
       0
       1
       2
       0
       0
       0
       0
       0
       0
       0
       0
       0
       0
       0
       1
       0
       0
       0
       0
       0
       0
       0
       0
       0
       1
       0
       0
       0
       0
       0
       0
       0
       0
       0
       1
       0
       0
       0
       0
       0
       1
       0
       0
       0
       0
       0
       0
       1
       0
       0
       0
       0
       0
       0
       0
       1
       0
       0
       0
       0
       0
       0
       0
       0
       0
       0
       0
       0
       0
       0
       0
       0
       0
       0
       0
       0
       0
       0
       0
       0
       1
       0
       0
       1
       0
       0
       1
       0
       0
       0
       0
       0
       0
       0
       0
       0
       0
       0
       0
       1
       0
       0
       0
       0
       0
       0
       0
       0
       0
       0
       0
       0
       0
       0
       0
       0
       1
       0
       0
       0
       0
       1
       0
       0
       0
       0
       0
       0
       1
       0
       0
       1
       0
       0
       1
       1
       0
       1
       0
       0
       2
       2
       2
       1
       0
       0
       1
       0
       0
       2
       0
       1
       0
       0
       0
       0
       1
       0
       0
       1
       0
       0
       1
       0
       0
       0
       0
       0
       1
       0
       0
       0
       0
       0
       0
       1
       0
       0
       0
       0
       1
       0
       0
       0
       1
       0
       0
       0
       0
       0
       0
       0
       1
       1
       0
       0
       0
       0
       0
       0
       0
       0
       0
       0
       0
       0
       0
       0
       1
       0
       1
       0
       0
       0
       0
       0
       0
       0
       0
       0
       0
       0
       0
       0
       1
       0
       1
       0
       1
       0
       0
       0
       0
       0
       1
       1
       0
       0
       0
       1
       0
       0
       0
       1
       0
       0
       0
       0
       0
       0
       0
       0
       0
       1
       0
       0
       0
       0
       0
       0
       0
       0
       0
       0
       0
       0
       0
       0
       0
       0
       0
       0
       0
       0
       0
       0
       0
       0
       0
       0
       0
       0
       0
       0
       0
       0
       0
       0
       0
       0
       0
       0
       0
       0
       0
       0
       0
       0
       0
       0
       0
       0
       0
       0
       0
       0
       0
       0
       0
       0
       0
       0
       0
       0
       0
       0
       0
       0
       0
       0
       0
       0
       0
       1
       0
       0
       0
       0
       0
       0
       0
       0
       0
       0
       0
       0
       0
       0
       0
       0
       0
       0
       0
       0
       0
       0
       0
       0
       0
       0
       0
       0
       0
       0
       0
       0
       0
       0
       0
       0
       0
       0
       0
       0
       1
       0
       1
       0
       0
       1
       0
       0
       1
       0
       0
       0
       0
       1
       0
       0
       0
       0
       0
       0
       0
       0
       0
       0
       1
       0
       0
       0
       0
       0
       0
       0
       0
       1
       0
       0
       0
       0
       0
       0
       0
       0
       0
       1
       0
       1
       0
       0
       0
       0
       0
       0
       0
       0
       0
       0
       1
       0
       0
       0
       0
       0
       0
       0
       1
       0
       0
       0
       0
       1
       0
       1
       0
       0
       0
       0
       0
       0
       0
       1
       0
       0
       1
       0
       0
       0
       0
       0
       0
       0
       0
       0
       0
       0
       0
       0
       0
       0
       0
       1
       0
       0
       0
       0
       0
       0
       0
       0
       0
       0
       0
       0
       0
       0
       0
       0
       1
       0
       0
       0
       0
       0
       0
       1
       0
       0
       0
       0
       1
       0
       0
       0
       0
       0
       0
       0
       0
       0
       0
       0
       0
       0
       0
       0
       1
       0
       0
       0
       0
       0
       0
       1
       0
       0
       0
       1
       0
       0
       0
       0
       0
       0
       1
       1
       0
       0
       0
       0
       0
       1
       0
       0
       0
       0
       0
       0
       0
       0
       0
       0
       0
       0
       0
       0
       0
       0
       0
       0
       1
       0
       1
       1
       0
       0
       0
       0
       0
       0
       0
       0
       0
       0
       0
       1
       0
       0
       1
       0
       0
       0
       0
       0
       0
       0
       0
       0
       0
       0
       0
       0
       0
       0
       0
       0
       0
       0
       0
       0
       0
       0
       0
       1
       0
       0
       0
       0
       1
       0
       0
       0
       0
       0
       0
       0
       0
       0
       0
       0
       0
       0
       0
       0
       0
       0
       0
       0
       0
       0
       0
       0
       0
       0
       0
       0
       0
       0
       0
       0
       0
       0
       0
       0
       0
       0
       0
       0
       0
       0
       0
       0
       0
       0
       0
       0
       0
       0
       0
       0
       0
       0
       0
       0
       0
       0
       0
       0
       0
       0
       0
       0
       0
       0
       0
       0
       0
       0
       0
       0
       0
       0
       0
       0
       0
       0
       0
       0
       0
       0
       0
       0
       0
       0
       0
       0
       0
       0
       0
       0
       0
       0
       1
       0
       0
       0
       0
       0
       0
       0
       0
       0
       0
       0
       0
       0
       0
       0
       0
       0
       0
       0
       0
       0
       0
       0
       0
       0
       1
       0
       0
       1
       0
       0
       0
       0
       0
       0
       0
       0
       0
       0
       0
       0
       0
       0
       0
       0
       0
       1
       0
       0
       0
       0
       1
       0
       0
       0
       0
       0
       0
       0
       0
       0
       0
       1
       0
       0
       0
       0
       0
       0
       0
       0
       0
       0
       0
       1
       0
       0
       0
       1
       2
       0
       0
       0
       0
       0
       0
       0
       0
       1
       0
       1
       0
       1
       0
       0
       0
       0
       0
       0
       0
       0
       0
       0
       0
       0
       0
       0
       0
       0
       0
       0
       1
       2
       0
       0
       0
       1
       0
       0
       0
       0
       0
       0
       0
       0
       0
       0
       0
       0
       0
       0
       0
       0
       0
       0
       0
       0
       0
       0
       0
       0
       0
       1
       0
       0
       1
       0
       0
       0
       0
       0
       0
       0
       1
       0
       0
       0
       0
       0
       0
       1
       0
       0
       0
       0
       0
       0
       0
       0
       0
       0
       0
       0
       0
       0
       0
       0
       0
       0
       0
       0
       0
       0
       0
       0
       0
       0
       0
       0
       0
       0
       0
       0
       0
       0
       0
       0
       0
       0
       0
       0
       0
       0
       0
       0
       0
       0
       0
       0
       0
       0
       0
       0
       0
       0
       0
       0
       0
       0
       1
       0
       0
       0
       0
       1
       0
       2
       0
       0
       0
       0
       1
       0
       0
       0
       0
       0
       1
       0
       0
       1
       0
       0
       0
       0
       0
       0
       0
       1
       0
       0
       0
       0
       0
       0
       0
       0
       0
       0
       0
       0
       0
       0
       0
       0
       0
       0
       0
       0
       0
       0
       0
       0
       0
       0
       0
       0
       0
       0
       0
       0
       0
       0
       0
       0
       0
       0
       0
       0
       0
       0
       0
       0
       0
       0
       0
       1
       0
       0
       0
       0
       0
       0
       0
       0
       0
       0
       0
       0
       0
       0
       0
       0
       0
       0
       0
       0
       0
       0
       0
       0
       0
       0
       0
       0
       0
       0
       0
       0
       0
       0
       0
       1
       0
       0
       0
       0
       0
       0
       0
       0
       0
       0
       0
       0
       0
       0
       0
       0
       0
       0
       0
       0
       1
       0
       0
       0
       0
       1
       0
       0
       0
       0
       0
       0
       1
       0
       0
       0
       0
       0
       0
       0
       0
       0
       0
       0
       0
       0
       0
       0
       0
       1
       0
       0
       0
       0
       0
       0
       0
       0
       0
       0
       0
       0
       0
       0
       0
       0
       0
       0
       0
       0
       0
       0
       0
       0
       0
       0
       0
       0
       0
       0
       0
       0
       0
       0
       0
       0
       0
       0
       0
       0
       0
       0
       0
       0
       0
       0
       0
       0
       0
       0
       0
       0
       0
       0
       0
       1
       0
       0
       0
       0
       0
       0
       0
       0
       0
       0
       0
       0
       0
       1
       1
       0
       0
       0
       1
       1
       1
       0
       0
       1
       1
       2
       0
       0
       0
       0
       2
       1
       2
       2
       1
       0
       1
       0
       0
       0
       0
       0
       0
       0
       0
       0
       0
       0
       0
       0
       0
       0
       0
       0
       0
       0
       0
       0
       0
       0
       0
       0
       0
       0
       0
       0
       0
       0
       0
       0
       0
       0
       0
       0
       0
       0
       0
       0
       0
       0
       0
       0
       0
       0
       0
       0
       0
       0
       0
       0
       0
       0
       0
       0
       0
       0
       0
       0
       0
       0
       0
       1
       0
       0
       0
       0
       0
       0
       0
       0
       0
       0
       0
       0
       0
       0
       0
       0
       1
       0
       0
       0
       0
       0
       0
       0
       0
       0
       0
       0
       0
       0
       0
       0
       0
       0
       0
       0
       0
       0
       0
       0
       0
       0
       0
       0
       0
       0
       0
       1
       0
       0
       0
       0
       0
       1
       0
       0
       0
       0
       0
       0
       0
       0
       0
       0
       0
       0
       0
       1
       0
       0
       0
       0
       0
       0
       0
       0
       0
       0
       0
       0
       0
       0
       0
       0
       0
       0
       0
       0
       0
       0
       0
       0
       0
       0
       0
       1
       0
       0
       0
       0
       0
       0
       0
       0
       0
       0
       0
       0
       0
       0
       0
       0
       0
       0
       0
       0
       0
       0
       0
       0
       0
       0
       0
       0
       0
       2
       0
       0
       0
       0
       0
       0
       0
       1
       0
       0
       0
       0
       0
       0
       0
       0
       0
       0
       0
       0
       0
       0
       0
       0
       0
       0
       0
       0
       0
       0
       0
       1
       0
       0
       0
       0
       0
       0
       0
       0
       0
       0
       0
       0
       1
       0
       0
       0
       0
       0
       0
       0
       0
       0
       0
       0
       0
       0
       0
       0
       0
       0
       0
       0
       0
       0
       0
       0
       0
       0
       0
       0
       0
       0
       0
       0
       0
       0
       0
       0
       0
       0
       0
       0
       0
       0
       1
       0
       0
       0
       0
       0
       0
       0
       0
       0
       0
       1
       0
       0
       0
       0
       0
       0
       0
       0
       0
       0
       0
       0
       0
       0
       0
       1
       0
       0
       0
       0
       0
       0
       0
       0
       0
       0
       0
       0
       0
       0
       0
       0
       0
       0
       0
       0
       0
       0
       0
       0
       0
       0
       0
       0
       0
       0
       0
       0
       0
       0
       0
       0
       0
       0
       0
       0
       0
       0
       0
       1
       0
       0
       0
       0
       0
       0
       0
       0
       0
       0
       0
       0
       0
       0
       0
       0
       0
       0
       0
       0
       0
       0
       0
       0
       1
       0
       0
       0
       0
       0
       0
       0
       0
       0
       0
       0
       0
       0
       1
       0
       0
       0
       0
       1
       0
       0
       0
       0
       0
       0
       0
       0
       0
       0
       0
       0
       0
       0
       0
       0
       0
       0
       0
       0
       0
       0
       1
       0
       0
       0
       0
       0
       0
       0
       0
       0
       0
       0
       0
       0
       0
       0
       0
       0
       0
       0
       0
       0
       0
       0
       0
       0
       0
       0
       0
       0
       0
       1
       0
       0
       1
       0
       0
       0
       0
       0
       0
       1
       0
       0
       0
       0
       0
       0
       0
       0
       0
       0
       0
       0
       0
       0
       0
       0
       0
       0
       0
       0
       0
       0
       0
       0
       0
       0
       0
       0
       0
       0
       0
       0
       0
       0
       0
       0
       0
       0
       0
       0
       0
       0
       1
       0
       0
       0
       0
       0
       1
       0
       0
       0
       0
       0
       0
       0
       0
       0
       0
       0
       0
       0
       0
       0
       0
       0
       0
       0
       0
       0
       0
       0
       0
       0
       0
       0
       0
       0
       0
       0
       0
       0
       0
       0
       0
       0
       0
       0
       0
       0
       0
       0
       0
       0
       0
       0
       0
       0
       0
       0
       0
       0
       0
       0
       0
       0
       0
       0
       1
       0
       0
       0
       0
       0
       0
       0
       0
       0
       0
       0
       0
       0
       0
       0
       0
       0
       0
       0
       0
       0
       0
       0
       0
       0
       0
       0
       0
       0
       0
       0
       0
       0
       0
       0
       0
       0
       0
       0
       0
       0
       0
       0
       0
       0
       0
       0
       0
       0
       0
       0
       0
       0
       0
       0
       0
       0
       0
       0
       0
       0
       0
       1
       0
       0
       0
       0
       0
       0
       0
       0
       0
       0
       0
       0
       0
       0
       0
       0
       0
       0
       0
       0
       0
       0
       0
       0
       0
       0
       0
       0
       0
       0
       1
       0
       0
       0
       0
       0
       0
       0
       0
       0
       0
       0
       0
       0
       0
       0
       0
       0
       0
       0
       0
       0
       0
       0
       0
       0
       0
       0
       0
       0
       0
       0
       0
       0
       0
       0
       0
       0
       0
       0
       0
       0
       0
       0
       0
       0
       0
       0
       0
       0
       0
       0
       0
       0
       0
       0
       0
       0
       0
       0
       0
       0
       0
       0
       0
       0
       0
       0
       0
       0
       0
       0
       0
       0
       0
       0
       0
       0
       0
       0
       0
       0
       0
       1
       0
       0
       0
       0
       0
       0
       0
       0
       0
       0
       0
       0
       0
       0
       0
       0
       0
       0
       0
       0
       0
       0
       0
       0
       0
       0
       0
       0
       0
       0
       0
       0
       0
       0
       0
       0
       0
       0
       0
       0
       0
       0
       0
       0
       0
       0
       0
       0
       0
       0
       0
       0
       0
       0
       0
       0
       0
       1
       0
       0
       0
       0
       0
       0
       0
       0
       0
       0
       0
       0
       0
       0
       0
       0
       0
       0
       0
       0
       0
       0
       0
       0
       0
       0
       0
       0
       0
       0
       0
       0
       0
       0
       0
       0
       0
       0
       0
       1
       0
       0
       0
       0
       0
       0
       0
       0
       1
       0
       0
       0
       0
       0
       0
       0
       0
       0
       0
       0
       0
       0
       0
       0
       0
       0
       0
       0
       0
       0
       0
       0
       0
       0
       0
       0
       0
       0
       0
       0
       0
       0
       0
       0
       0
       0
       0
       0
       0
       0
       1
       0
       0
       0
       0
       0
       0
       0
       0
       1
       0
       0
       0
       0
       0
       0
       0
       0
       0
       0
       0
       0
       0
       0
       0
       0
       0
       0
       0
       0
       0
       0
       0
       0
       0
       0
       0
       0
       0
       0
       0
       0
       0
       0
       0
       0
       0
       0
       0
       0
       0
       0
       0
       0
       0
       0
       0
       0
       0
       0
       0
       0
       0
       0
       0
       0
       0
       0
       0
       0
       0
       0
       0
       0
       0
       0
       0
       0
       0
       0
       0
       0
       0
       0
       0
       0
       0
       0
       0
       0
       0
       0
       0
       0
       0
       0
       0
       0
       1
       0
       0
       0
       0
       0
       0
       0
       0
       0
       0
       1
       0
       0
       0
       0
       0
       0
       0
       0
       0
       0
       0
       0
       0
       0
       0
       0
       0
       0
       0
       0
       0
       0
       0
       0
       0
       0
       0
       0
       0
       0
       0
       0
       0
       0
       0
       0
       0
       0
       0
       0
       0
       0
       1
       0
       0
       0
       0
       0
       0
       0
       0
       0
       0
       0
       0
       0
       0
       0
       0
       0
       0
       0
       1
       0
       0
       0
       0
       0
       1
       0
       0
       0
       0
       0
       0
       0
       0
       0
       0
       0
       0
       0
       0
       0
       0
       0
       0
       0
       0
       0
       0
       0
       0
       0
       0
       0
       0
       0
       0
       0
       0
       0
       0
       0
       0
       0
       0
       0
       1
       0
       0
       1
       0
       0
       0
       0
       0
       0
       0
       0
       0
       0
       0
       0
       0
       0
       0
       0
       0
       0
       0
       0
       0
       0
       0
       0
       0
       0
       0
       0
       0
       0
       0
       0
       0
       0
       0
       0
       0
       0
       0
       0
       1
       0
       0
       1
       0
       0
       0
       0
       0
       0
       0
       0
       0
       0
       0
       0
       0
       0
       0
       0
       0
       0
       0
       1
       0
       0
       0
       0
       0
       0
       0
       0
       0
       0
       0
       0
       0
       0
       0
       0
       0
       0
       0
       0
       0
       0
       0
       1
       0
       0
       0
       0
       0
       0
       1
       0
       0
       0
       0
       0
       1
       0
       0
       0
       0
       0
       0
       0
       0
       0
       0
       0
       0
       0
       0
       0
       0
       0
       0
       0
       0
       0
       0
       0
       0
       0
       0
       0
       0
       0
       0
       0
       0
       0
       0
       0
       0
       0
       0
       0
       0
       0
       0
       0
       0
       0
       0
       0
       0
       0
       0
       0
       0
       0
       0
       0
       0
       0
       0
       1
       0
       0
       0
       0
       0
       0
       0
       0
       0
       0
       0
       0
       0
       0
       0
       0
       0
       0
       0
       0
       0
       0
       0
       0
       0
       0
       0
       0
       0
       0
       0
       0
       0
       0
       0
       0
       0
       0
       0
       0
       0
       0
       0
       0
       0
       0
       0
       0
       0
       0
       0
       0
       0
       0
       0
       0
       0
       0
       0
       0
       0
       0
       0
       0
       0
       0
       0
       0
       0
       0
       0
       0
       1
       0
       0
       0
       0
       0
       0
       0
       0
       0
       0
       0
       0
       0
       0
       0
       0
       0
       0
       0
       0
       0
       0
       0
       0
       0
       0
       0
       0
       0
       0
       0
       0
       0
       0
       0
       0
       0
       0
       0
       0
       0
       0
       0
       0
       0
       0
       0
       0
       0
       0
       0
       0
       0
       0
       0
       0
       0
       0
       0
       0
       0
       0
       0
       0
       0
       0
       0
       0
       0
       0
       0
       0
       0
       1
       0
       0
       0
       0
       0
       0
       0
       0
       0
       0
       0
       0
       0
       0
       0
       0
       0
       0
       0
       0
       0
       0
       0
       0
       0
       0
       0
       0
       0
       0
       0
       0
       0
       0
       0
       0
       0
       0
       0
       0
       0
       0
       0
       0
       0
       0
       0
       0
       0
       0
       0
       0
       0
       0
       0
       0
       0
       0
       0
       0
       0
       0
       0
       0
       0
       0
       0
       0
       0
       0
       0
       0
       0
       0
       0
       0
       0
       0
       0
       0
       0
       0
       0
       0
       2
       0
       0
       2
       0
       0
       0
       1
       0
       1
       0
       0
       0
       0
       0
       0
       2
       0
       1
       0
       1
       0
       1
       1
       1
       1
       1
       0
       0
       1
       1
       0
       0
       0
       1
       0
       1
       0
       2
       1
       1
       0
       1
       0
       1
       1
       3
       1
       2
       1
       3
       0
       1
       2
       0
       2
       1
       2
       0
       1
       0
       2
       0
       0
       2
       1
       0
       3
       0
       0
       1
       1
       1
       1
       0
       1
       1
       1
       0
       0
       1
       0
       0
       1
       1
       1
       0
       2
       0
       2
       1
       1
       1
       0
       0
       0
       0
       2
       1
       0
       1
       0
       3
       0
       1
       2
       0
       0
       1
       0
       0
       2
       1
       0
       1
       0
       1
       1
       1
       0
       0
       3
       1
       1
       1
       3
       1
       1
       1
       1
       1
       0
       0
       1
       1
       0
       1
       0
       0
       0
       0
       0
       0
       2
       2
       2
       2
       2
       2
       2
       1
       0
       0
       1
       1
       0
       0
       0
       0
       1
       0
       2
       0
       1
       0
       1
       0
       1
       1
       2
       0
       0
       2
       0
       0
       3
       2
       0
       2
       4
       0
       2
$ROI:
0
$PRESETS:
None
0
0
$ENER_FIT:
0.000000 0.374432
$MCA_CAL:
3
0.000000E+000 3.744323E-001 0.000000E+000 keV
$SHAPE_CAL:
3
6.617742E+000 0.000000E+000 0.000000E+000
