$SPEC_ID:
No sample description was entered.
$SPEC_REM:
DET# 1
DETDESC# PRAK01 Easy-MCA-2k SN 15071856
AP# Maestro Version 7.01
$DATE_MEA:
01/22/2002 00:11:19
$MEAS_TIM:
183 183
$DATA:
0 511
       0
       0
       0
       0
       0
       0
       0
       0
       0
       0
       0
       0
       0
       0
       0
       0
       0
       0
       0
       0
       0
       0
       0
       0
       0
       0
       0
       0
       0
       0
       0
       0
       0
       0
       0
       0
       2
       5
       6
      41
      67
      46
      74
      44
      51
      55
      58
      39
      39
      36
      49
      47
      49
      54
      69
      97
     141
     149
     212
     204
     212
     171
     114
      74
      69
      27
      25
      20
      11
      14
      17
      20
      22
      18
      17
      19
      25
      13
      17
      12
      16
      14
      15
      15
      18
      14
      11
      12
       7
      15
      13
      14
      15
      14
       8
       4
      17
       9
      11
      11
      12
      11
       8
      12
      14
      10
      13
       8
      11
      15
      15
      18
      23
       9
      28
      16
       8
      10
      18
      17
      12
      14
       7
      12
       6
      15
      13
      13
      10
       9
      10
       9
       7
      13
       9
      11
      15
      17
      19
      14
      13
      11
       8
      10
      13
      13
      16
      16
       9
      16
       9
      19
       9
      22
      13
      15
      12
      18
      10
      14
      12
      16
      10
      16
      11
      14
      12
      12
      23
      13
      13
      18
      17
      14
       8
      17
      16
      18
      10
      13
      11
      13
      14
      18
      12
      19
      15
      14
      11
      13
      17
      17
      14
      17
      17
      15
      18
      18
      12
      10
       8
      12
       8
       9
      12
       9
      14
      15
      13
      10
       9
       7
       9
      12
      16
      19
      12
      18
      11
      12
      14
      14
      15
      12
      12
      11
      13
      11
       8
      13
       5
       9
      11
      12
       9
      12
      14
       9
      13
      11
       9
      14
      12
      13
       9
       9
      10
       4
       6
      10
       6
      13
       5
       5
       4
      10
      13
       6
      11
       7
      10
       3
      12
       7
      13
      16
      11
       6
       6
      13
      11
       7
       6
      13
      10
       6
      11
      11
      10
       9
      10
       7
      10
       7
       7
      11
       9
      11
       8
      10
       6
      16
       8
       5
       8
       6
      19
       9
       7
       4
       9
       7
       4
       9
      12
       7
       4
       3
      12
       4
       9
      10
       6
       9
       7
       6
       1
       9
       8
       8
       5
       8
       8
       7
       6
       8
       5
       9
       6
       3
       7
       7
       8
       8
       8
       6
       7
       5
       5
       6
      11
       5
       5
       6
       8
       7
       7
       6
       2
       8
      19
      13
       7
       6
       4
       5
       5
       4
      11
       6
       8
       4
      11
       9
       6
       5
       7
      11
       8
       3
       9
       7
       7
       6
       6
       8
       7
       4
       4
       7
       3
       6
      10
       7
       4
      13
       5
       5
       4
      11
       4
       2
       3
       7
       1
       4
       9
       4
       6
       5
       9
       4
       2
       3
       8
       4
       5
       9
       1
       9
       2
       7
       4
       7
       8
       3
       6
       7
       5
       6
       7
       3
       5
       3
       9
       1
       4
       5
       7
       5
       5
       8
       6
       5
       6
      11
       6
       5
       2
       2
       4
       4
       5
       4
       4
       3
       0
       2
       4
       2
       1
       2
       6
       5
       8
       3
       9
       5
       4
       2
       3
       3
       4
       3
       4
       1
       0
       0
       0
       0
       0
       0
       0
       0
       0
       0
       0
       0
       0
       0
       0
       0
       0
       0
       0
       0
       0
       0
       0
       0
       0
       0
       0
       0
       0
       0
       0
       0
       0
       0
       0
       0
       0
       0
       0
       0
       0
       0
       0
       0
       0
       0
$ROI:
1
168 181
$PRESETS:
None
0
0
$ENER_FIT:
0.000000 3.991138
$MCA_CAL:
3
0.000000E+000 3.991138E+000 0.000000E+000 keV
$SHAPE_CAL:
3
1.151547E+001 0.000000E+000 0.000000E+000
