$SPEC_ID:
No sample description was entered.
$SPEC_REM:
DET# 1
DETDESC# PRAK01 Easy-MCA-2k SN 15071856
AP# Maestro Version 7.01
$DATE_MEA:
01/22/2002 00:03:22
$MEAS_TIM:
203 203
$DATA:
0 511
       0
       0
       0
       0
       0
       0
       0
       0
       0
       0
       0
       0
       0
       0
       0
       0
       0
       0
       0
       0
       0
       0
       0
       0
       0
       0
       0
       0
       0
       0
       0
       0
       0
       0
       0
       0
       2
       5
       8
      54
      61
      75
      69
      57
      48
      57
      54
      54
      66
      43
      44
      58
      42
      52
      70
      81
     120
     147
     197
     184
     194
     187
     135
      97
      62
      42
      30
      23
      25
      17
      18
      22
       9
      19
      23
      17
      13
      15
      15
      16
      11
      15
      17
      13
      14
       7
      14
       5
      11
      17
      12
      20
       8
      12
      12
      14
      11
      16
      11
      13
      11
      18
      12
      13
      16
      13
      16
      10
      12
      15
       8
      18
      13
      18
      14
      16
      16
      12
      23
      12
      10
      10
      14
      11
      15
       9
      11
      13
      14
       4
       8
       9
      14
      15
      13
      15
       5
      10
      13
      11
      12
      13
      13
      12
      19
      14
      13
      14
       9
      14
      17
       9
      16
      13
      10
      19
      19
      15
      18
      10
       9
      13
      11
      12
      13
      17
      14
      15
      17
      17
      21
      22
      14
      14
      13
      15
      16
      21
      12
      12
      11
      16
      11
      14
       3
      14
      14
      16
       9
       8
      23
      12
      13
      11
       8
      14
      13
      11
      16
       9
      13
      18
      14
      14
      13
      22
      14
      16
      16
      14
      15
      12
      11
      10
       6
      13
      13
       7
      17
      14
      17
      16
      20
      10
      10
      13
      12
      10
      10
      17
      11
      14
      13
       7
       5
      12
      13
       9
       5
      13
      18
      19
      16
       9
       5
      10
      10
      11
       5
      11
      17
       9
      14
      10
       8
      14
      11
      15
      14
       4
      14
      12
      12
       9
       5
      16
       8
      14
      12
       9
       9
       9
       8
       7
      11
       7
      10
       9
      10
      10
      15
       4
      13
      11
       8
       8
       8
       6
       5
      10
      13
       4
       6
       6
       6
       9
      12
      14
       9
       9
      13
       7
       8
       4
      15
      10
       7
       4
      11
       7
      10
       5
       9
       5
       8
       5
      12
       7
      10
      10
      12
       6
       6
       8
       8
      11
       8
       8
       7
       7
       3
       7
       7
       6
       7
       5
       8
       6
      12
      10
       9
       7
      10
       6
       7
       8
       6
       3
       5
       3
       8
       4
       6
      11
       5
       7
       5
       6
       5
       6
      10
       9
       3
       8
       4
       7
       6
       8
       7
       6
       5
       4
       6
       7
       5
       7
       5
      10
      10
       7
      10
       6
       8
       5
       7
       2
       4
       1
       7
       7
       8
       9
       3
       4
       2
       5
       6
       1
      11
       7
       6
      11
       3
       5
       4
       3
       8
       2
       5
       6
       3
       1
       4
       4
      14
       5
       7
       2
       5
       4
       3
       6
       3
       4
       4
       3
       8
       6
       6
       7
       8
       5
       5
       4
       6
       7
       4
       4
       4
       4
       7
       6
       3
       5
       7
      12
       3
       9
       7
       5
       9
       3
       2
       4
       3
       8
       9
       3
       7
       3
       2
       7
       6
       9
       6
       1
       0
       0
       0
       0
       0
       0
       0
       0
       0
       0
       0
       0
       0
       0
       0
       0
       0
       0
       0
       0
       0
       0
       0
       0
       0
       0
       0
       0
       0
       0
       0
       0
       0
       0
       0
       0
       0
       0
       0
       0
       0
       0
       0
       0
       0
       0
$ROI:
1
168 181
$PRESETS:
None
0
0
$ENER_FIT:
0.000000 3.991138
$MCA_CAL:
3
0.000000E+000 3.991138E+000 0.000000E+000 keV
$SHAPE_CAL:
3
1.151547E+001 0.000000E+000 0.000000E+000
