$SPEC_ID:
No sample description was entered.
$SPEC_REM:
DET# 1
DETDESC# PRAK01 Easy-MCA-2k SN 15071856
AP# Maestro Version 7.01
$DATE_MEA:
01/22/2002 00:14:58
$MEAS_TIM:
187 187
$DATA:
0 511
       0
       0
       0
       0
       0
       0
       0
       0
       0
       0
       0
       0
       0
       0
       0
       0
       0
       0
       0
       0
       0
       0
       0
       0
       0
       0
       0
       0
       0
       0
       0
       0
       0
       0
       0
       0
       0
       7
       6
      59
      64
      67
      71
      55
      47
      64
      51
      45
      48
      41
      38
      43
      50
      50
      68
     104
     123
     166
     184
     237
     182
     171
     143
      82
      58
      33
      26
      16
      19
      21
      17
      21
      21
      13
      18
      20
      10
      19
       8
      11
      20
      16
      15
      14
      12
      15
       8
      13
      18
      13
       7
       9
      17
      12
      14
      10
      11
      12
      17
       8
      12
      11
      12
      15
       9
      10
      10
      13
      15
      12
      19
      19
      20
      17
      11
      10
      11
       9
      11
       8
       8
      14
       8
       9
      10
      16
      17
      14
      15
      10
       9
      12
      13
       9
      16
       4
      17
      11
      11
       9
      13
       8
      19
      13
      15
      12
      15
      12
      13
      13
      14
      12
      26
      17
      16
      15
       7
      12
      13
      12
      17
       9
      15
      11
      11
      13
      10
      14
      15
       9
      10
      22
      19
      15
      17
      13
      17
      14
      12
      13
      13
      10
      18
      17
      13
      15
       8
      16
       9
      18
      16
      16
      15
      17
      13
      15
      13
      11
      10
      13
      11
      18
      23
      15
      16
      16
      18
      18
      13
      16
       9
      20
      11
      14
      18
       9
      13
      19
      19
      14
      19
      11
      17
      10
      13
       8
       9
      10
      12
      15
      15
      12
      10
      14
      10
       7
      12
      16
      11
       9
      13
      15
      15
      10
      12
       8
      17
      11
       8
      14
      12
      13
      14
      15
      15
      12
      13
       7
      10
      10
      10
      11
      10
       8
       7
       8
       4
      11
      10
      13
      10
      12
       6
       5
      11
       7
       8
       9
       6
       6
      12
       8
      11
      10
      12
      11
       6
       4
      14
      13
       8
      11
       7
       8
       4
      13
       9
       7
       9
      14
      15
      13
       5
       5
       9
       8
      10
       8
       6
       5
       8
       9
       8
       8
       9
      13
       5
       7
       4
      12
       5
       3
       4
       7
      16
       9
       8
       8
       9
       5
       7
       6
       5
       3
      10
       4
       7
       6
       8
      11
       7
       3
       7
       9
       6
       8
      11
       6
      12
       9
       7
       5
       9
       6
       7
       8
       6
       4
       6
       2
       8
       4
       8
       5
       8
       4
       5
       4
       6
       8
       4
       5
       4
       4
      11
       8
      12
       5
       4
       4
      11
      10
       3
       4
       6
       6
       5
       4
       6
       9
       9
       6
       6
      11
       4
       4
      10
       6
       7
       5
       7
       7
       4
       3
       5
      11
       8
       5
       4
       6
       5
       5
       4
       9
       7
       5
       6
       4
       4
       6
       4
       6
       2
       2
       2
       8
       8
       3
       6
       6
       6
       6
       5
       4
       2
       6
       8
       8
      10
       5
       5
       4
       4
       5
       1
       8
       9
       4
       6
       4
       7
       1
       4
       9
       1
       6
       4
       3
       5
       4
       3
       4
       5
       6
       6
       0
       0
       0
       0
       0
       0
       0
       0
       0
       0
       0
       0
       0
       0
       0
       0
       0
       0
       0
       0
       0
       0
       0
       0
       0
       0
       0
       0
       0
       0
       0
       0
       0
       0
       0
       0
       0
       0
       0
       0
       0
       0
       0
       0
       0
       0
       0
$ROI:
1
168 181
$PRESETS:
None
0
0
$ENER_FIT:
0.000000 3.991138
$MCA_CAL:
3
0.000000E+000 3.991138E+000 0.000000E+000 keV
$SHAPE_CAL:
3
1.151547E+001 0.000000E+000 0.000000E+000
