$SPEC_ID:
No sample description was entered.
$SPEC_REM:
DET# 1
DETDESC# PRAK01 Easy-MCA-2k SN 15071856
AP# Maestro Version 7.01
$DATE_MEA:
01/22/2002 00:21:58
$MEAS_TIM:
424 424
$DATA:
0 511
       0
       0
       0
       0
       0
       0
       0
       0
       0
       0
       0
       0
       0
       0
       0
       0
       0
       0
       0
       0
       0
       0
       0
       0
       0
       0
       0
       0
       0
       0
       0
       0
       0
       0
       0
       0
       2
      11
      18
      80
     115
     117
      98
      97
      80
      84
      65
      79
      67
      75
      75
      55
      83
      87
     123
     117
     156
     181
     212
     189
     174
     171
     114
      83
      72
      44
      57
      40
      44
      32
      33
      36
      28
      36
      31
      34
      38
      35
      30
      44
      30
      26
      19
      25
      29
      19
      30
      26
      24
      20
      18
      18
      21
      25
      28
      31
      16
      29
      26
      15
      32
      23
      23
      23
      23
      26
      22
      40
      25
      40
      28
      40
      32
      30
      33
      35
      30
      19
      20
      24
      22
      20
      17
      26
      27
      20
      21
      19
      21
      23
      22
      27
      20
      31
      20
      14
      14
      27
      29
      34
      30
      26
      22
      17
      27
      29
      24
      41
      38
      30
      33
      23
      29
      24
      25
      21
      27
      30
      26
      28
      22
      25
      17
      30
      28
      28
      32
      26
      25
      31
      25
      24
      21
      24
      40
      31
      27
      26
      26
      32
      26
      30
      28
      25
      36
      21
      22
      32
      17
      38
      21
      28
      23
      19
      25
      28
      35
      20
      23
      31
      24
      28
      26
      17
      22
      32
      17
      22
      20
      33
      30
      27
      26
      25
      21
      23
      17
      23
      25
      21
      26
      25
      19
      22
      27
      19
      18
      16
      19
      19
      34
      25
      26
      22
      19
      20
      23
      12
      21
      20
      25
      17
      17
      17
      24
      22
      21
      22
      26
      28
      14
      10
      21
      23
      17
      14
      19
      12
      19
      17
      20
      23
      16
      20
      12
      15
      15
      13
      17
      15
      19
      20
      13
       7
      17
      12
      12
       9
      12
      18
      18
      22
      12
      11
      13
      22
      15
      19
      15
      16
      16
      14
      15
       9
      11
      11
      16
      19
      13
      16
      23
      13
      14
      15
      19
      18
      17
       9
      16
      10
      13
       8
      15
      22
      14
      11
       9
      17
      13
      14
      16
      14
      14
      16
      13
      14
      13
      11
       9
       9
      14
      14
       4
      11
       8
      12
      11
      12
      12
      11
      11
      13
      13
      11
      15
      18
       7
      11
      13
      14
      14
      17
      10
      14
      11
      11
       6
       4
      10
      15
      10
       6
       6
       5
       6
       7
      14
      10
      19
      12
      13
      11
      10
       8
       9
      15
       7
       9
      11
      11
      10
       8
       6
      10
      18
      11
       8
      11
       6
       8
      12
      14
       4
      18
      10
       4
       8
       6
      10
       9
      11
       9
      10
       4
       7
       7
       8
       6
      12
       7
       4
       7
      14
       5
      16
       7
       5
       9
       7
       7
       5
       8
      10
       3
       8
       9
      11
      11
      12
      13
       9
       6
       3
       6
       9
       9
       9
       9
       5
       4
       7
       9
       5
       5
       4
       5
      10
       9
       8
      12
       9
       7
      12
      10
       5
      10
       6
       7
       7
       6
       7
       6
       5
       6
       6
       0
       0
       0
       0
       0
       0
       0
       0
       0
       0
       0
       0
       0
       0
       0
       0
       0
       0
       0
       0
       0
       0
       0
       0
       0
       0
       0
       0
       0
       0
       0
       0
       0
       0
       0
       0
       0
       0
       0
       0
       0
       0
       0
       0
       0
       0
       0
$ROI:
1
168 181
$PRESETS:
None
0
0
$ENER_FIT:
0.000000 3.991138
$MCA_CAL:
3
0.000000E+000 3.991138E+000 0.000000E+000 keV
$SHAPE_CAL:
3
1.151547E+001 0.000000E+000 0.000000E+000
