$SPEC_ID:
No sample description was entered.
$SPEC_REM:
DET# 1
DETDESC# PRAK01 Easy-MCA-2k SN 15071856
AP# Maestro Version 7.01
$DATE_MEA:
01/22/2002 00:07:46
$MEAS_TIM:
161 161
$DATA:
0 511
       0
       0
       0
       0
       0
       0
       0
       0
       0
       0
       0
       0
       0
       0
       0
       0
       0
       0
       0
       0
       0
       0
       0
       0
       0
       0
       0
       0
       0
       0
       0
       0
       0
       0
       0
       0
       4
       5
       4
      61
      73
      65
      65
      62
      67
      50
      62
      41
      45
      46
      52
      44
      50
      59
      59
      80
     152
     176
     172
     207
     204
     149
     155
      80
      55
      26
      23
      29
      21
      23
       9
      16
       9
      13
      12
      16
      15
      14
      16
      15
      12
      17
       6
      10
      13
      10
       9
      10
      17
       6
      17
      16
      12
       9
      11
       8
      18
      12
       8
      13
      15
      12
       8
      13
      11
       4
       8
      11
      23
       8
      12
      11
      14
      12
      11
       8
      13
      14
      11
      16
      10
      10
       5
      15
      10
      14
      10
       8
      14
       8
       8
      13
      11
      11
       3
      14
      11
       9
      17
      20
       8
      10
       9
      14
      12
      14
      14
      10
      13
      11
      16
      11
      13
       5
       8
      15
      15
       6
      11
      10
      18
       9
      16
      20
      13
      11
       8
      13
      18
      15
      12
       9
      10
      20
      12
      15
      11
      20
      15
      13
       5
      15
      13
       9
       9
       8
      10
      16
      14
      15
      13
      12
      10
      14
      16
      11
      22
      12
      13
      11
      15
      14
      16
      15
      10
       9
      19
      17
      10
      14
       9
      16
      13
      17
      14
      12
      14
      10
      11
      17
       3
      13
       7
      11
      16
      12
       8
      10
      10
      10
      14
       8
      15
       8
       6
       9
      11
      11
       9
      12
       8
      11
       5
      11
      14
      12
      10
       6
       9
       8
      13
      12
      14
      18
      11
       8
      13
       4
      12
       5
      11
      13
       9
       1
      11
      12
       8
      11
      10
       9
      11
       9
      12
       8
       7
       9
       5
       5
       9
       9
       7
      11
      13
      14
       8
      13
      11
       7
       4
       8
       8
       7
      10
       9
       6
      11
       8
       2
       3
       9
      11
       7
      10
       4
       7
       9
       8
       7
       8
      11
       7
       6
      14
       3
       4
       8
       5
       8
       4
      11
       6
       6
      13
       5
       4
       7
       6
       7
       7
       2
       7
       3
       9
       1
       9
       8
       4
      15
       4
       8
       7
       6
       8
       2
       8
       3
       7
       5
       8
       6
       5
       5
       8
       7
       2
       3
       8
       4
       5
       5
       3
       6
       5
       8
       5
       4
       4
       3
       6
       3
       5
       8
       4
       7
      10
       6
       4
       4
       3
       1
       7
       5
       8
       6
       6
       6
       6
       2
       7
       6
       6
       3
       5
       6
       7
       5
       3
       6
      10
       5
       9
       5
       4
      10
       2
       5
       8
       2
       9
       2
       6
       8
       9
       5
       5
       8
       4
       7
       9
       3
       4
       4
       2
       4
      12
       4
       6
       8
       3
       7
       5
       2
       2
       7
       4
       7
       4
       2
       5
       6
       8
       8
       5
       6
      11
       3
       7
      10
       8
       6
       5
       4
       7
       6
       5
       1
       5
       3
       4
       3
       7
       7
       6
       5
       3
       0
       0
       0
       0
       0
       0
       0
       0
       0
       0
       0
       0
       0
       0
       0
       0
       0
       0
       0
       0
       0
       0
       0
       0
       0
       0
       0
       0
       0
       0
       0
       0
       0
       0
       0
       0
       0
       0
       0
       0
       0
       0
       0
       0
       0
       0
       0
$ROI:
1
168 181
$PRESETS:
None
0
0
$ENER_FIT:
0.000000 3.991138
$MCA_CAL:
3
0.000000E+000 3.991138E+000 0.000000E+000 keV
$SHAPE_CAL:
3
1.151547E+001 0.000000E+000 0.000000E+000
