$SPEC_ID:
No sample description was entered.
$SPEC_REM:
DET# 1
DETDESC# PRAK01 Easy-MCA-2k SN 15071856
AP# Maestro Version 7.01
$DATE_MEA:
01/21/2002 23:53:59
$MEAS_TIM:
110 110
$DATA:
0 511
       0
       0
       0
       0
       0
       0
       0
       0
       0
       0
       0
       0
       0
       0
       0
       0
       0
       0
       0
       0
       0
       0
       0
       0
       0
       0
       0
       0
       0
       0
       0
       0
       0
       0
       0
       0
       0
       5
       4
      41
      52
      48
      56
      50
      43
      39
      33
      31
      40
      17
      26
      27
      33
      31
      45
      59
      81
     125
     142
     192
     208
     180
     185
     114
      72
      41
      23
      22
      13
      20
       9
       9
      12
       9
       8
       7
      10
       8
      13
       9
      10
       7
       6
       7
       5
       5
       6
      10
       4
      13
       8
       9
       6
       7
       5
       6
       4
       9
       5
       6
      10
      11
      11
       8
      13
       5
       5
       4
      11
       9
      10
      10
       7
       6
      11
      12
       6
       9
       9
      15
       4
       4
       4
       6
       6
       9
       8
       7
       4
       6
       5
      14
       8
       7
       7
       7
       5
       5
       8
      11
      10
       8
       8
      12
      12
       6
       9
       4
       9
      11
      11
      13
      13
      13
       5
       7
      10
      11
      15
       6
       9
      11
       7
      14
      10
       8
      10
      10
       9
      13
       8
       5
       7
      10
       7
       6
       8
      12
       8
      11
      10
      10
       6
      11
       6
       5
      11
       9
       6
       9
      10
       4
      14
       6
      19
       6
      14
      16
      12
       8
      12
       7
      14
       9
      10
       4
       5
      18
       8
       6
       3
       7
       5
       9
      10
      12
       8
      15
       9
      10
       8
       5
       8
       6
      10
      10
      10
       6
       8
       4
       6
       5
       6
       8
       3
       9
       9
       8
       6
       6
       9
       8
       8
       6
       4
       9
      10
       0
       9
       7
       9
       3
       9
       9
       7
       9
       4
       5
       8
       5
       9
      10
      14
       5
       9
      12
       4
       4
       3
       6
       3
       7
      10
      10
       7
      10
       7
       7
       4
       6
      10
       6
       8
       5
       4
       2
       9
       6
       5
       6
      12
       9
       2
       6
       4
       5
       8
       4
       5
       7
       5
       6
       3
       3
       3
       2
       3
       7
       6
      10
       5
       8
       4
       7
       6
       8
       4
       6
       5
       8
       4
       7
       5
      12
       3
       4
       6
       7
       4
       5
       8
       2
       7
       1
       5
       3
       1
       4
       5
       5
       3
       1
       4
       4
       4
       3
       6
       8
       9
       3
       8
       6
       5
       8
       3
       6
       5
       5
       9
       3
       5
       5
       4
       8
       4
       3
       9
       6
       3
       2
       2
       8
       7
       8
       5
       3
       6
       3
       2
       3
       5
       2
       4
       2
       9
       2
       6
       5
       4
       2
       3
       5
       4
       3
       1
       5
       2
       5
       3
       5
       4
       2
       5
       5
       6
       4
       4
       4
       4
       1
       3
       8
       4
       3
       3
       2
       1
       4
       1
       3
       7
       5
       3
       5
       3
       7
       3
       5
       1
       2
       2
       7
       5
       3
       3
       6
       2
       3
       2
       6
       4
       4
       3
       9
       3
       3
       2
       2
       4
       1
       4
       7
       7
       7
       5
       5
       4
       4
       2
       4
       4
       4
       3
       2
       2
       1
       0
       0
       0
       0
       0
       0
       0
       0
       0
       0
       0
       0
       0
       0
       0
       0
       0
       0
       0
       0
       0
       0
       0
       0
       0
       0
       0
       0
       0
       0
       0
       0
       0
       0
       0
       0
       0
       0
       0
       0
       0
       0
       0
       0
       0
       0
$ROI:
1
168 181
$PRESETS:
None
0
0
$ENER_FIT:
0.000000 3.991138
$MCA_CAL:
3
0.000000E+000 3.991138E+000 0.000000E+000 keV
$SHAPE_CAL:
3
1.151547E+001 0.000000E+000 0.000000E+000
