$SPEC_ID:
No sample description was entered.
$SPEC_REM:
DET# 1
DETDESC# PRAK01 Easy-MCA-2k SN 15071856
AP# Maestro Version 7.01
$DATE_MEA:
01/22/2002 00:19:38
$MEAS_TIM:
99 99
$DATA:
0 511
       0
       0
       0
       0
       0
       0
       0
       0
       0
       0
       0
       0
       0
       0
       0
       0
       0
       0
       0
       0
       0
       0
       0
       0
       0
       0
       0
       0
       0
       0
       0
       0
       0
       0
       0
       0
       0
       6
       4
      36
      60
      57
      53
      43
      41
      37
      48
      26
      29
      29
      29
      20
      25
      49
      59
      94
     131
     175
     195
     219
     193
     178
     121
      69
      28
      37
      19
      16
      10
      10
      16
       5
       7
      15
       6
       9
       6
       9
       7
       8
      11
       7
       7
       7
      11
       6
       4
      10
      12
       9
      10
       9
       7
       6
       9
       2
       8
      11
      15
       7
       8
      11
      10
       5
       3
       7
       4
      12
      12
      12
      10
      10
      11
       9
      12
      11
      14
       5
       6
       4
       8
       6
      10
      13
      10
       4
       9
       8
       5
       5
       4
      15
       6
       7
       5
       1
       6
      10
       7
      11
       4
       8
       9
       9
       5
       6
      10
       8
       7
       4
      10
       8
       6
      12
      11
       6
      15
      12
       8
       4
      15
      11
       9
       8
       4
       9
      12
      10
       5
       8
       8
       8
       9
      10
       5
      11
       9
      12
      16
       8
       7
      10
      12
      11
      10
      16
       6
      12
      12
       9
       6
       7
       7
       9
       8
      10
       9
       3
       8
       2
       8
      11
       7
       7
      18
       7
       6
      10
       6
      13
      10
      11
       8
      12
       8
       3
       4
       3
       5
       7
      10
      11
      11
       4
       6
      10
       3
       5
       4
       8
       3
       5
       6
       4
       9
       9
       6
       7
       3
       8
       6
       5
       9
      10
       9
       8
      12
       7
      11
       8
       9
       9
       8
       3
       7
       7
       9
       7
       2
       2
      12
       6
       7
       7
       5
       4
       5
       5
       7
       5
       3
       7
       9
       3
       8
       7
       6
       6
       7
       2
       7
       4
       9
       2
       5
       5
       1
       9
       7
      10
       2
       7
       6
      11
       8
      11
       6
       6
       2
       1
       3
       1
       3
       3
       7
       3
       1
       8
       6
       2
       8
       4
       5
       5
       4
       2
       4
       8
       7
       7
       3
       4
       7
       6
      12
       7
       3
       3
       2
       2
       3
       6
       6
       7
       4
       4
       6
       2
       4
       4
       4
       4
       5
       5
       4
       3
       6
      10
       3
       8
       4
       5
       4
       6
       6
       7
       7
       3
       4
       7
       2
       8
       5
       3
       5
       7
       5
       3
       3
       4
       3
       3
       6
       3
       7
       3
       9
       7
       4
       8
       4
       8
       3
       4
       3
       6
       3
       2
       5
       5
       8
       3
       2
       8
       3
       3
       5
       6
       3
       4
       7
       8
       1
       2
       4
       3
       6
       1
       5
       0
       6
       2
       7
       3
       4
       3
       4
       2
       4
       5
       4
       6
       4
       6
       2
       2
       5
       9
       5
       2
       2
       6
       5
       5
       8
       4
       4
       2
       3
       4
       4
       5
       5
       3
       3
       3
       4
       5
       2
       6
       3
       2
       4
       7
       7
       6
       4
       2
       6
       7
       0
       1
       2
       2
       1
       0
       0
       0
       0
       0
       0
       0
       0
       0
       0
       0
       0
       0
       0
       0
       0
       0
       0
       0
       0
       0
       0
       0
       0
       0
       0
       0
       0
       0
       0
       0
       0
       0
       0
       0
       0
       0
       0
       0
       0
       0
       0
       0
       0
       0
       0
       0
$ROI:
1
168 181
$PRESETS:
None
0
0
$ENER_FIT:
0.000000 3.991138
$MCA_CAL:
3
0.000000E+000 3.991138E+000 0.000000E+000 keV
$SHAPE_CAL:
3
1.151547E+001 0.000000E+000 0.000000E+000
