$SPEC_ID:
No sample description was entered.
$SPEC_REM:
DET# 1
DETDESC# PRAK01 Easy-MCA-2k SN 15071856
AP# Maestro Version 7.01
$DATE_MEA:
01/22/2002 00:36:47
$MEAS_TIM:
192 192
$DATA:
0 511
       0
       0
       0
       0
       0
       0
       0
       0
       0
       0
       0
       0
       0
       0
       0
       0
       0
       0
       0
       0
       0
       0
       0
       0
       0
       0
       0
       0
       0
       0
       0
       0
       0
       0
       0
       0
       1
       8
       3
      51
      71
      69
      71
      67
      59
      59
      47
      51
      42
      43
      36
      42
      39
      64
      91
     122
     143
     189
     199
     222
     196
     148
     110
      63
      44
      35
      15
      24
      20
      21
      20
      16
      21
      18
      15
      13
      16
      26
      22
      25
      10
      13
      10
      10
      15
      18
      11
      13
       8
      15
      12
       8
       8
      15
       6
       7
      16
       9
       9
      10
      16
      11
      12
      10
      16
      10
       9
      16
      11
      21
      17
      12
      10
      17
      11
      19
      18
      14
      14
       5
       4
       5
      11
       8
      18
      10
       5
      12
      11
      13
      11
       8
      10
      13
       7
      18
      20
      19
      11
      11
      11
      14
       7
      11
      16
       9
      10
       9
      12
      16
       8
      14
      20
      10
       8
      15
      17
      16
       8
       9
      16
      12
      12
      12
       8
      14
      11
      11
      21
      24
      14
      16
      12
      20
      10
      15
      16
      17
      12
      13
      10
      18
      12
      19
      20
      15
       7
      18
      12
      11
      13
       9
      13
      11
      10
      13
      15
       6
      12
      10
      10
      10
      15
      10
      14
      16
      10
       7
      11
      13
       9
       7
      14
      10
      15
      14
      14
      13
      11
       9
      14
      18
      17
      16
      22
      10
      17
      13
       8
      12
      13
      11
       9
      12
      13
      12
       8
      15
       7
      13
       5
      14
      13
      10
       7
      12
      15
       8
      10
      12
      13
      11
      15
       7
      13
      14
      13
      13
      12
       8
      16
      14
       6
       5
      10
      12
      10
       9
       8
      15
       5
      15
      15
       7
       8
      11
       6
       5
      11
       6
       7
      10
       8
      10
       4
      11
      14
       9
       8
       9
       6
       4
       9
       7
       5
       9
       3
       7
      10
       7
       6
       6
       9
       5
       7
       6
      10
       8
       8
      11
       6
       8
       4
      14
       1
      10
       6
       6
      10
       7
       8
       7
       6
       5
       7
       3
       9
       5
       9
       5
       6
       6
       5
       8
       5
       6
       7
      13
       7
       7
       2
       7
       8
       8
       7
       5
      10
       5
      13
      12
       8
       4
       5
       5
       4
       4
       7
       8
       7
       5
       4
       9
       7
       6
       4
       5
      10
       8
       8
       6
       7
       4
      11
       5
       4
       6
       4
       3
       7
       6
       6
       7
       3
      11
       6
       7
       8
       2
      10
       8
       7
       7
      11
       6
       3
       6
       2
       7
       6
       7
      11
       6
       8
       3
       4
       5
       8
       7
       8
       7
       8
       5
       6
       2
       7
       6
       3
       8
       4
       5
      10
       4
       4
       9
       8
       5
       5
       3
       6
       8
       6
       7
       5
       4
       4
       8
       8
       4
       2
       5
       5
       6
      12
       6
       4
       5
       6
       6
       6
       3
       6
       9
       5
       6
       7
      11
       6
       5
       3
       5
       4
       5
       4
       2
       2
       0
       0
       0
       0
       0
       0
       0
       0
       0
       0
       0
       0
       0
       0
       0
       0
       0
       0
       0
       0
       0
       0
       0
       0
       0
       0
       0
       0
       0
       0
       0
       0
       0
       0
       0
       0
       0
       0
       0
       0
       0
       0
       0
       0
       0
       0
       0
$ROI:
1
168 181
$PRESETS:
None
0
0
$ENER_FIT:
0.000000 3.991138
$MCA_CAL:
3
0.000000E+000 3.991138E+000 0.000000E+000 keV
$SHAPE_CAL:
3
1.151547E+001 0.000000E+000 0.000000E+000
