$SPEC_ID:
No sample description was entered.
$SPEC_REM:
DET# 1
DETDESC# PRAK01 Easy-MCA-2k SN 15071856
AP# Maestro Version 7.01
$DATE_MEA:
01/22/2002 00:34:05
$MEAS_TIM:
124 124
$DATA:
0 511
       0
       0
       0
       0
       0
       0
       0
       0
       0
       0
       0
       0
       0
       0
       0
       0
       0
       0
       0
       0
       0
       0
       0
       0
       0
       0
       0
       0
       0
       0
       0
       0
       0
       0
       0
       0
       2
       8
       7
      48
      77
      72
      58
      52
      55
      52
      40
      39
      40
      42
      49
      41
      68
      62
      90
     113
     194
     186
     213
     238
     188
     129
     107
      61
      44
      23
      21
      18
       8
      14
      12
       9
      14
      19
      17
      13
      15
      14
      14
      19
       6
       8
      13
      13
      10
      11
      10
      13
       7
      10
      10
       6
      14
      16
      13
      12
      10
       8
      12
      11
       7
      10
      13
      10
      14
      12
      15
      15
      10
      14
      12
      11
       9
      10
      15
       7
      10
      13
      11
       8
      11
      13
      11
       7
       8
      11
      11
      11
      15
      10
      11
      13
       7
       7
      10
      12
       7
      12
      10
       7
       9
      17
      14
       7
       9
      15
      15
      14
       7
       8
      11
      11
      10
      12
      11
      14
      10
       6
      13
      12
      10
      10
       9
      14
      13
       5
       7
      12
      11
      10
       9
      14
      10
      12
      12
      18
      10
      11
       6
       9
      12
       9
       7
       7
      15
      11
      14
      16
       7
      12
      11
      14
       8
      13
      17
      14
       8
      16
      14
      10
      10
      10
      10
      12
       8
      10
       8
      11
       6
      11
       7
       9
       8
       9
       8
      12
       9
      10
      13
      12
       9
       7
      10
       6
       8
       7
       7
       7
       6
      12
       9
       9
      12
       9
      11
      10
       5
      12
      12
      11
       8
      10
      15
       8
       3
      10
       8
       7
       8
       5
      10
      10
      12
       9
       9
       5
       6
       8
       7
      14
       6
       5
       9
       9
      11
       5
      10
      10
       8
       7
       6
      12
       6
       3
       7
      12
       5
       7
       6
       7
       8
       5
      10
       8
       5
       7
       8
       7
       8
       6
       6
       5
      10
       8
       6
      10
       6
       3
       4
       6
       5
       8
       7
       5
       6
       6
       7
       6
       7
       6
       3
       8
       6
       9
       7
       6
       7
       9
       8
       7
       2
       9
       7
       4
       3
       4
       6
       7
       7
      10
       8
       5
       7
       6
      10
       7
       8
       6
       4
       8
       5
       4
       2
      10
       6
       3
       4
       5
       5
       4
       4
       6
       9
       4
       5
       8
       7
       4
       7
       6
       6
       6
       2
      14
       9
       6
       7
       2
       4
       6
       7
       8
       9
       3
       4
       4
       7
       4
       4
       4
       5
       2
       4
       3
       8
       9
      10
       8
       7
       7
       4
       6
      10
       2
      11
       3
       2
       7
       3
       9
       1
       6
       5
       9
       6
       3
       5
       5
       4
       4
       1
       4
       3
       2
       5
      11
       9
      10
       4
       4
       5
       6
       2
      10
       4
       6
       6
      10
       5
       5
       4
       7
       7
       5
       2
       5
       4
       6
       3
       2
       7
       6
       7
       3
       7
       5
       2
       6
       3
       4
       6
       3
       3
       6
       2
       3
       3
       3
       6
       5
       7
       3
       4
       1
       1
       1
       0
       0
       0
       0
       0
       0
       0
       0
       0
       0
       0
       0
       0
       0
       0
       0
       0
       0
       0
       0
       0
       0
       0
       0
       0
       0
       0
       0
       0
       0
       0
       0
       0
       0
       0
       0
       0
       0
       0
       0
       0
       0
       0
       0
       0
       0
$ROI:
1
168 181
$PRESETS:
None
0
0
$ENER_FIT:
0.000000 3.991138
$MCA_CAL:
3
0.000000E+000 3.991138E+000 0.000000E+000 keV
$SHAPE_CAL:
3
1.151547E+001 0.000000E+000 0.000000E+000
