$SPEC_ID:
No sample description was entered.
$SPEC_REM:
DET# 1
DETDESC# PRAK01 Easy-MCA-2k SN 15071856
AP# Maestro Version 7.01
$DATE_MEA:
01/21/2002 23:56:28
$MEAS_TIM:
375 375
$DATA:
0 511
       0
       0
       0
       0
       0
       0
       0
       0
       0
       0
       0
       0
       0
       0
       0
       0
       0
       0
       0
       0
       0
       0
       0
       0
       0
       0
       0
       0
       0
       0
       0
       0
       0
       0
       0
       0
       4
       8
       8
      63
     106
      93
      71
      94
      90
      63
      72
      69
      66
      60
      56
      62
      66
      64
      88
     124
     102
     144
     182
     182
     184
     174
     141
     115
      75
      63
      51
      44
      42
      33
      27
      28
      31
      30
      35
      21
      22
      37
      31
      26
      33
      27
      22
      28
      17
      20
      27
      14
      24
      21
      25
      27
      18
      23
      23
      17
      21
      18
      20
      24
      26
      20
      23
      15
      18
      17
      19
      20
      15
      26
      34
      30
      32
      29
      30
      34
      30
      25
      25
      19
      21
      15
      12
      15
       7
      12
      23
      12
      15
      22
      17
      22
      20
      19
      29
      20
      20
      19
      20
      18
      20
      22
      27
      22
      19
      23
      30
      29
      18
      21
      18
      15
      26
      24
      18
      28
      30
      20
      24
      23
      27
      23
      29
      25
      28
      22
      25
      20
      22
      12
      24
      20
      22
      14
      19
      26
      16
      27
      30
      27
      17
      19
      24
      23
      31
      17
      22
      21
      18
      26
      20
      23
      15
      18
      25
      23
      19
      19
      27
      24
      25
      23
      25
      30
      22
      23
      27
      21
      21
      10
      22
      20
      19
      25
      19
      26
      21
      25
      23
      19
      25
      22
      18
      20
      33
      22
      23
      26
      30
      17
      15
      28
      19
      15
       8
      16
      12
      20
      19
      20
      18
      22
      27
      17
      16
      13
      16
      16
      20
      25
      12
      21
      21
      12
      20
      16
      20
      28
      13
      14
      15
      10
      12
      17
      11
      16
      21
      15
      10
      15
       8
      23
      23
      12
       8
      22
      16
      12
      10
      22
      14
      14
      16
       8
      13
       7
      19
      10
      17
      14
      14
      19
      13
      17
      12
      13
      13
      18
      15
      12
      11
      12
      10
      18
      17
      25
      10
      16
       9
      12
      10
      11
      10
      13
      17
      11
      12
       7
       9
      10
      14
      10
      11
      13
       7
      20
      11
      10
       8
      19
       7
      17
       8
       9
      13
      13
      10
       9
       6
      14
      12
      10
       7
       6
      11
       6
      13
       6
      12
      11
      12
      14
      16
       9
      11
       8
       6
       9
      13
      10
       9
      15
      10
      11
      12
       7
       6
       9
      12
       9
       4
       9
      14
      12
      12
       4
       8
       6
       9
      10
      10
       8
      14
       5
      11
      10
      11
       7
       6
       9
      10
       8
      14
      11
       4
       7
       9
      10
       8
       6
       4
      12
      11
       8
      13
       7
       6
       8
       7
       4
      12
       8
       8
       4
       9
       5
       5
       7
       5
       9
       8
       3
      10
       7
       6
       6
       8
       8
       3
       8
       8
      10
       8
       8
       9
       2
       7
       8
      11
       2
       6
       7
       6
       6
       5
      11
      11
       5
       1
       4
       6
       8
       7
       2
       6
       8
       6
       7
       4
       3
       2
       4
       5
       6
       5
       2
       0
       0
       0
       0
       0
       0
       0
       0
       0
       0
       0
       0
       0
       0
       0
       0
       0
       0
       0
       0
       0
       0
       0
       0
       0
       0
       0
       0
       0
       0
       0
       0
       0
       0
       0
       0
       0
       0
       0
       0
       0
       0
       0
       0
       0
       0
$ROI:
1
168 181
$PRESETS:
None
0
0
$ENER_FIT:
0.000000 3.991138
$MCA_CAL:
3
0.000000E+000 3.991138E+000 0.000000E+000 keV
$SHAPE_CAL:
3
1.151547E+001 0.000000E+000 0.000000E+000
