$SPEC_ID:
No sample description was entered.
$SPEC_REM:
DET# 1
DETDESC# PRAK01 Easy-MCA-2k SN 15071856
AP# Maestro Version 7.01
$DATE_MEA:
01/22/2002 00:40:46
$MEAS_TIM:
195 195
$DATA:
0 511
       0
       0
       0
       0
       0
       0
       0
       0
       0
       0
       0
       0
       0
       0
       0
       0
       0
       0
       0
       0
       0
       0
       0
       0
       0
       0
       0
       0
       0
       0
       0
       0
       0
       0
       0
       0
       1
       4
       7
      63
      75
      68
      72
      70
      57
      51
      55
      66
      43
      40
      46
      44
      52
      62
      91
     126
     175
     211
     243
     220
     205
     153
     119
      80
      52
      34
      30
      30
      20
      25
       9
      14
      17
      20
      22
      22
      19
      22
      17
      15
      10
      11
      15
      19
      17
      15
      18
      13
      15
      26
      10
      20
      13
      18
      13
      19
      16
      15
      13
      15
      13
       8
      11
      21
      15
      15
      11
      18
      14
      23
      21
      23
      13
      22
      16
      13
      13
       7
      17
      11
      15
      10
      17
       8
      12
      14
      13
      10
      14
      14
      14
      11
      10
       8
      14
      23
      18
      14
      15
      13
      11
      19
      11
      14
      13
      14
      21
      17
      12
      15
      16
      13
      14
       9
      19
      10
      12
      14
       9
      12
      17
      17
       8
      18
      13
      13
      15
      10
      21
      13
      15
      18
      11
      17
       7
       7
      11
      18
      18
      10
      17
      15
      18
      19
       8
      10
      24
      17
      13
       8
      23
       8
      14
      17
      16
       8
      12
      24
      11
      11
      10
      18
      15
      19
      16
      18
      12
      11
      17
      13
      17
      15
       6
      14
      18
      14
       9
      12
      11
      19
      12
      14
      15
      11
       9
       8
      18
      12
      12
      13
      12
      17
      14
      18
      13
      19
      12
      14
      12
      11
      14
      15
      13
      14
       8
       8
       6
      11
      11
      12
      11
      18
      13
       7
       8
       9
      19
      15
      17
      11
       9
       8
      11
      17
      11
       6
       9
      10
      11
       8
      10
      11
       8
       7
      15
       7
      10
      12
       8
      11
      11
       8
       7
       9
       9
       7
       8
       8
      11
      12
      12
       9
       7
       3
      13
      11
       7
       9
       6
      10
       8
       8
      14
       9
      10
       7
       9
      12
       8
      15
       7
       9
      10
       5
       5
       9
       9
       8
      13
       7
       8
       6
       7
       9
       9
       5
      11
       6
      10
       7
       7
       9
       6
      10
       6
      10
       7
       8
      10
       6
       5
      10
       8
       7
       6
       6
       9
       9
       9
       6
       9
       7
       9
       5
       6
       3
       7
       4
       7
       3
       7
       9
       6
       6
       1
       3
       6
       6
      10
       7
       9
       6
       7
       9
       4
       8
       6
       4
       5
       2
       8
       4
       9
       6
      13
       4
       5
       5
       8
       8
       5
       6
       9
       4
       6
       6
       3
       7
       5
       5
       3
       5
       8
       6
       5
       3
       5
      12
       3
       9
       4
       7
       6
       9
       7
       2
       3
       3
       7
       4
       5
       8
       8
       7
       8
       5
       5
       9
       4
       9
       6
       3
       9
       4
       6
      10
       4
       2
       8
       7
       7
       4
       4
       6
       3
       5
       7
       4
       7
       6
       8
       5
       3
       3
       4
       1
       5
       3
       4
       8
       0
       7
       6
       5
       2
       2
       0
       0
       0
       0
       0
       0
       0
       0
       0
       0
       0
       0
       0
       0
       0
       0
       0
       0
       0
       0
       0
       0
       0
       0
       0
       0
       0
       0
       0
       0
       0
       0
       0
       0
       0
       0
       0
       0
       0
       0
       0
       0
       0
       0
       0
       0
$ROI:
1
168 181
$PRESETS:
None
0
0
$ENER_FIT:
0.000000 3.991138
$MCA_CAL:
3
0.000000E+000 3.991138E+000 0.000000E+000 keV
$SHAPE_CAL:
3
1.151547E+001 0.000000E+000 0.000000E+000
