$SPEC_ID:
No sample description was entered.
$SPEC_REM:
DET# 1
DETDESC# PRAK01 Easy-MCA-2k SN 15071856
AP# Maestro Version 7.01
$DATE_MEA:
01/22/2002 00:29:37
$MEAS_TIM:
182 182
$DATA:
0 511
       0
       0
       0
       0
       0
       0
       0
       0
       0
       0
       0
       0
       0
       0
       0
       0
       0
       0
       0
       0
       0
       0
       0
       0
       0
       0
       0
       0
       0
       0
       0
       0
       0
       0
       0
       0
       0
       8
       5
      53
      75
      73
      78
      65
      51
      48
      53
      56
      44
      41
      51
      54
      42
      53
      99
     122
     159
     211
     225
     223
     173
     142
     107
      63
      50
      34
      23
      26
      18
      17
      13
      23
      11
      25
      16
       9
      15
      18
      18
      20
      11
      16
      10
      18
      18
      16
      12
      12
      15
      11
      17
      15
      20
      14
      18
       6
      11
      13
      18
      10
       6
      12
      13
      13
      11
      10
      11
      14
      12
      14
      32
      18
      16
       9
      15
      17
      16
      14
      14
      16
      12
       7
      12
      15
      10
       6
      16
      12
      13
       6
      15
      16
      10
       8
      10
      16
      10
      14
      17
      11
      16
      13
      14
      16
      13
      13
      18
      17
      19
      14
      12
      15
      19
      17
      17
      11
      17
      15
      19
      15
      16
      14
       6
      17
       9
      22
       7
      13
      10
      11
      17
      17
      14
      11
      17
      11
       6
      12
      18
      12
      13
      12
      13
      17
       8
      13
      14
       9
      13
      13
      16
      14
      20
      14
      20
       8
      25
      18
      16
      13
      12
      11
      23
      11
      13
      15
       7
      12
      12
      13
      14
      11
      11
      11
      18
       9
      16
      17
      13
      14
      14
      10
      13
      13
      10
      13
      14
      10
      14
      13
      15
      13
      10
      10
      11
      17
      13
      10
      15
      15
      13
      11
      11
      13
       7
      10
      13
      10
       9
      18
       9
       6
      10
       3
       8
       6
      14
       9
       8
      10
       9
       7
       9
       8
       9
       6
      12
       5
      11
      11
       6
       9
       8
       6
       9
       7
       3
       9
      12
      11
      13
      11
       5
       9
       5
      10
      13
      11
      12
       7
       6
       9
      13
      13
       4
       5
       7
       7
       5
      12
       8
       6
      11
       7
      11
      11
       5
       6
      13
       9
      11
      12
       6
       5
       3
      13
       4
       7
       9
       5
      13
       6
       6
      10
      10
      12
      10
       9
       7
       4
       7
       9
      12
       4
       6
       5
       7
       6
       6
      11
       6
       6
       7
       4
       9
       8
       5
       6
       9
       6
       6
       6
       4
      12
       5
      11
       7
       7
       5
       8
       8
       4
       4
       6
       6
       9
       4
       7
       7
       9
       5
       7
       6
       5
       3
       3
       7
       3
       5
       2
       8
       7
       3
       7
       4
       3
       7
      10
       3
       7
       5
       4
       4
       8
       5
       8
       3
       5
       8
       9
       2
       5
       8
       7
       7
       6
       7
       6
       7
       5
       4
       7
       5
       4
       5
       9
       7
       9
       5
       7
       5
       4
       3
       5
       6
       8
       7
       9
       7
       8
       7
       9
       6
       6
       6
       5
       6
       7
       6
       7
       4
       5
       3
       4
       4
       5
       5
       9
       4
       3
       3
       4
       0
       6
       3
       3
       4
       3
      11
       7
      10
       1
       6
       6
       1
       0
       0
       0
       0
       0
       0
       0
       0
       0
       0
       0
       0
       0
       0
       0
       0
       0
       0
       0
       0
       0
       0
       0
       0
       0
       0
       0
       0
       0
       0
       0
       0
       0
       0
       0
       0
       0
       0
       0
       0
       0
       0
       0
       0
       0
       0
       0
$ROI:
1
168 181
$PRESETS:
None
0
0
$ENER_FIT:
0.000000 3.991138
$MCA_CAL:
3
0.000000E+000 3.991138E+000 0.000000E+000 keV
$SHAPE_CAL:
3
1.151547E+001 0.000000E+000 0.000000E+000
